node 0 51.36126210846683 535.0747979773207
0
1
1
1
1
1
node 1 129.2354712577374 258.6109368572695
0
1
1
1
1
1
node 2 1040.9621720229206 286.4173737885999
1
1
1
1
1
1
node 3 1208.8652898843832 227.4002437493953
1
1
1
1
1
1
node 4 1026.2146347887913 27.66087638572704
0
0
0
0
1
1
node 5 1196.3989185964265 50.50685917161496
0
1
1
1
1
1
node 6 434.8353280651791 225.22519660260775
0
0
1
1
1
1
node 7 140.80852088836411 43.53672387021653
1
1
1
1
1
1
node 8 32.22393128302059 545.5281941777546
0
1
1
1
1
1
node 9 300.05762006800313 84.25263937813247
1
1
1
1
1
1
node 10 38.33789352683335 477.705717806387
0
0
1
1
1
1
node 11 231.0034272657623 546.6335790467895
0
0
1
0
1
1
node 12 1215.3163414423548 166.79436845242446
1
1
1
1
1
1
node 13 409.70690992113333 433.9398960554665
0
1
1
1
1
1
node 14 1117.339311359415 141.4700855670958
0
1
1
1
1
1
node 15 271.88133939685764 236.3706228053585
0
1
1
1
1
1
node 16 41.12913058835942 34.72667229214881
1
1
1
1
1
1
node 17 1145.8876536910302 81.66685768568864
0
0
0
0
0
0
node 18 1216.4825793727177 563.9975174342643
1
1
1
1
1
1
node 19 1174.2446175006141 289.38785384310273
1
1
1
1
1
1
node 20 428.21241357291615 554.0545035016856
0
1
1
1
1
1
node 21 33.12937296104963 113.82416006654253
1
1
1
1
1
1
node 22 906.6592114642058 152.04447076048592
0
0
1
1
1
1
node 23 666.046417987496 173.1030406743913
0
0
1
1
1
1
node 24 1188.9361678852943 62.78280349392507
0
0
0
1
1
1
node 25 340.56606320948384 542.3342034530165
0
0
1
1
1
1
node 26 1145.8104194117584 444.31337428512046
1
1
1
1
1
1
node 27 1146.6915940247234 554.0398222018569
1
1
1
1
1
1
node 28 1204.4609887081501 411.10154344436904
0
1
1
1
1
1
node 29 1046.417037483925 200.53222216158255
1
1
1
1
1
1
node 30 67.57327712869679 49.68238189129315
1
1
1
1
1
1
node 31 973.1935375485077 56.37649685677101
0
0
0
1
1
1
time 0
16 7
21 7
30 7
7 16
9 16
21 16
30 16
3 19
12 19
29 19
2 26
18 26
27 26
3 29
19 29
7 30
9 30
16 30
21 30
time 1
15 1
12 3
19 3
29 3
9 7
16 7
21 7
30 7
0 8
7 9
16 9
21 9
30 9
3 12
19 12
29 12
20 13
2 14
5 14
1 15
7 16
9 16
21 16
30 16
26 18
27 18
28 18
3 19
12 19
26 19
28 19
29 19
13 20
7 21
9 21
16 21
30 21
2 26
18 26
19 26
27 26
28 26
3 29
19 29
7 30
9 30
16 30
21 30
time 2
8 0
10 0
15 1
12 3
19 3
29 3
9 7
16 7
21 7
30 7
7 9
16 9
21 9
30 9
3 12
6 12
19 12
29 12
20 13
2 14
5 14
1 15
7 16
9 16
21 16
30 16
26 18
27 18
28 18
3 19
12 19
26 19
29 19
13 20
7 21
9 21
16 21
30 21
2 22
23 22
2 23
22 23
11 25
13 25
20 25
18 27
26 27
28 27
18 28
26 28
27 28
7 30
9 30
16 30
21 30
time 3
2 0
8 0
10 0
15 1
12 3
19 3
29 3
9 6
13 6
15 6
23 6
9 7
16 7
21 7
30 7
0 8
7 9
16 9
21 9
30 9
2 14
5 14
24 14
31 14
1 15
7 16
9 16
21 16
30 16
26 18
13 20
25 20
7 21
9 21
16 21
30 21
2 22
23 22
2 23
6 23
9 23
22 23
2 26
3 26
5 26
18 26
19 26
27 26
28 26
29 26
18 27
26 27
28 27
26 28
27 28
3 29
12 29
19 29
7 30
9 30
16 30
21 30
time 4
15 1
12 3
19 3
29 3
9 6
13 6
23 6
16 7
21 7
30 7
0 8
10 8
6 9
3 12
4 12
14 12
19 12
24 12
29 12
20 13
2 14
3 14
4 14
5 14
12 14
19 14
24 14
29 14
31 14
1 15
7 16
9 16
21 16
30 16
26 18
28 18
3 19
4 19
12 19
14 19
24 19
26 19
28 19
29 19
31 19
13 20
25 20
7 21
9 21
16 21
30 21
2 22
4 22
23 22
29 22
31 22
14 24
31 24
11 25
13 25
20 25
5 26
18 26
19 26
27 26
28 26
29 26
31 26
26 27
28 27
5 28
18 28
19 28
26 28
27 28
29 28
3 29
12 29
19 29
24 29
26 29
7 30
9 30
16 30
21 30
18 31
24 31
time 5
8 0
10 0
14 0
15 1
9 6
13 6
9 7
16 7
21 7
30 7
0 8
10 8
6 9
0 10
6 13
11 13
20 13
25 13
2 14
3 14
4 14
12 14
19 14
24 14
29 14
31 14
1 15
7 16
21 16
26 18
28 18
11 20
13 20
25 20
7 21
9 21
16 21
2 22
23 22
3 24
14 24
19 24
31 24
11 25
13 25
20 25
26 27
28 27
5 28
18 28
19 28
26 28
27 28
29 28
18 31
24 31