node 0 684.9720428814288 319.9588390373163
0
1
1
1
1
1
1
0
1
1
1
1
1
node 1 34.43679955604434 232.558168430208
0
1
1
1
1
1
1
0
1
1
1
1
1
node 2 126.1945183721444 565.4440148555378
1
1
1
1
1
1
1
1
1
1
1
1
1
node 3 475.04788934648934 339.19487205879153
1
1
1
1
1
1
1
1
1
1
1
1
1
node 4 836.9697900494763 74.30304926126729
0
0
0
0
1
1
1
0
0
0
0
1
1
node 5 264.78079281778105 403.3332895046429
0
1
1
1
1
1
1
0
1
1
1
1
1
node 6 639.8770141173219 177.9782212409978
0
0
1
1
1
1
1
0
0
1
1
1
1
node 7 790.3134692783958 473.0287297507994
1
1
1
1
1
1
1
1
1
1
1
1
1
node 8 107.27556058502647 60.052463605918916
0
1
1
1
1
1
1
0
1
1
1
1
1
node 9 1232.358295325129 289.4550588667334
1
1
1
1
1
1
1
1
1
1
1
1
1
node 10 704.2355565857636 155.38800192177175
0
0
1
1
1
1
1
0
0
1
1
1
1
node 11 163.7668700322058 545.3473469121915
0
0
1
0
1
1
1
0
0
1
0
1
1
node 12 1063.7889738167557 213.83093699102812
1
1
1
1
1
1
1
1
1
1
1
1
1
node 13 622.610924435691 332.51896507523674
0
1
1
1
1
1
1
0
1
1
1
1
1
node 14 936.3180605763151 520.4188730679033
0
1
1
1
1
1
1
0
1
1
1
1
1
node 15 353.5451022804234 455.4491422180729
0
1
1
1
1
1
1
0
1
1
1
1
1
node 16 300.45454743777884 320.0835649194231
1
1
1
1
1
1
1
1
1
1
1
1
1
node 17 1172.7200413203448 390.86636933832443
0
0
0
0
0
0
0
0
0
0
0
0
0
node 18 513.7319053508199 294.64534982678026
1
1
1
1
1
1
1
1
1
1
1
1
1
node 19 743.7906605336361 319.93296321425663
1
1
1
1
1
1
1
1
1
1
1
1
1
node 20 217.41512348341138 183.4504522598706
0
1
1
1
1
1
1
0
1
1
1
1
1
node 21 205.15149567026256 50.065636857500316
1
1
1
1
1
1
1
1
1
1
1
1
1
node 22 991.426008382608 126.30735989244171
0
0
1
1
1
1
1
0
0
1
1
1
1
node 23 811.431322450039 577.6067091356516
0
0
1
1
1
1
1
0
0
1
1
1
1
node 24 232.08891632248208 238.43293934423153
0
0
0
1
1
1
1
0
0
0
1
1
1
node 25 795.4931075948185 320.4902971845742
0
0
1
1
1
1
1
0
0
1
1
1
1
node 26 147.54120432690976 101.92350379556852
1
1
1
1
1
1
1
1
1
1
1
1
1
node 27 20.70966423533355 271.7273478365849
1
1
1
1
1
1
1
1
1
1
1
1
1
node 28 883.0839262569767 76.8211273353674
0
1
1
1
1
1
1
0
1
1
1
1
1
node 29 927.1236687222228 489.9632772726262
1
1
1
1
1
1
1
1
1
1
1
1
1
node 30 101.49250749821884 197.14988875915154
1
1
1
1
1
1
1
1
1
1
1
1
1
node 31 1029.251504881527 252.54143421645458
0
0
0
1
1
1
1
0
0
0
1
1
1
time 0
16 7
21 7
30 7
7 16
9 16
21 16
30 16
3 19
12 19
29 19
2 26
18 26
27 26
3 29
19 29
7 30
9 30
16 30
21 30
time 1
15 1
12 3
19 3
29 3
9 7
16 7
21 7
30 7
0 8
7 9
16 9
21 9
30 9
3 12
19 12
29 12
20 13
2 14
5 14
1 15
7 16
9 16
21 16
30 16
26 18
27 18
28 18
3 19
12 19
26 19
28 19
29 19
13 20
7 21
9 21
16 21
30 21
2 26
18 26
19 26
27 26
28 26
3 29
19 29
7 30
9 30
16 30
21 30
time 2
8 0
10 0
15 1
12 3
19 3
29 3
9 7
16 7
21 7
30 7
7 9
16 9
21 9
30 9
3 12
6 12
19 12
29 12
20 13
2 14
5 14
1 15
7 16
9 16
21 16
30 16
26 18
27 18
28 18
3 19
12 19
26 19
29 19
13 20
7 21
9 21
16 21
30 21
2 22
23 22
2 23
22 23
11 25
13 25
20 25
18 27
26 27
28 27
18 28
26 28
27 28
7 30
9 30
16 30
21 30
time 3
2 0
8 0
10 0
15 1
12 3
19 3
29 3
9 6
13 6
15 6
23 6
9 7
16 7
21 7
30 7
0 8
7 9
16 9
21 9
30 9
2 14
5 14
24 14
31 14
1 15
7 16
9 16
21 16
30 16
26 18
13 20
25 20
7 21
9 21
16 21
30 21
2 22
23 22
2 23
6 23
9 23
22 23
2 26
3 26
5 26
18 26
19 26
27 26
28 26
29 26
18 27
26 27
28 27
26 28
27 28
3 29
12 29
19 29
7 30
9 30
16 30
21 30
time 4
15 1
12 3
19 3
29 3
9 6
13 6
23 6
16 7
21 7
30 7
0 8
10 8
6 9
3 12
4 12
14 12
19 12
24 12
29 12
20 13
2 14
3 14
4 14
5 14
12 14
19 14
24 14
29 14
31 14
1 15
7 16
9 16
21 16
30 16
26 18
28 18
3 19
4 19
12 19
14 19
24 19
26 19
28 19
29 19
31 19
13 20
25 20
7 21
9 21
16 21
30 21
2 22
4 22
23 22
29 22
31 22
14 24
31 24
11 25
13 25
20 25
5 26
18 26
19 26
27 26
28 26
29 26
31 26
26 27
28 27
5 28
18 28
19 28
26 28
27 28
29 28
3 29
12 29
19 29
24 29
26 29
7 30
9 30
16 30
21 30
18 31
24 31
time 5
8 0
10 0
14 0
15 1
9 6
13 6
9 7
16 7
21 7
30 7
0 8
10 8
6 9
0 10
6 13
11 13
20 13
25 13
2 14
3 14
4 14
12 14
19 14
24 14
29 14
31 14
1 15
7 16
21 16
26 18
28 18
11 20
13 20
25 20
7 21
9 21
16 21
2 22
23 22
3 24
14 24
19 24
31 24
11 25
13 25
20 25
26 27
28 27
5 28
18 28
19 28
26 28
27 28
29 28
18 31
24 31
time 6
8 0
10 0
14 0
15 1
9 6
13 6
9 7
16 7
21 7
30 7
0 8
10 8
6 9
0 10
6 13
11 13
20 13
25 13
2 14
3 14
4 14
12 14
19 14
24 14
29 14
31 14
1 15
7 16
21 16
26 18
28 18
11 20
13 20
25 20
7 21
9 21
16 21
2 22
23 22
3 24
14 24
19 24
31 24
11 25
13 25
20 25
26 27
28 27
5 28
18 28
19 28
26 28
27 28
29 28
18 31
24 31
time 7
16 7
21 7
30 7
7 16
9 16
21 16
30 16
3 19
12 19
29 19
2 26
18 26
27 26
3 29
19 29
7 30
9 30
16 30
21 30
time 8
15 1
12 3
19 3
29 3
9 7
16 7
21 7
30 7
0 8
7 9
16 9
21 9
30 9
3 12
19 12
29 12
20 13
2 14
5 14
1 15
7 16
9 16
21 16
30 16
26 18
27 18
28 18
3 19
12 19
26 19
28 19
29 19
13 20
7 21
9 21
16 21
30 21
2 26
18 26
19 26
27 26
28 26
3 29
19 29
7 30
9 30
16 30
21 30
time 9
8 0
10 0
15 1
12 3
19 3
29 3
9 7
16 7
21 7
30 7
7 9
16 9
21 9
30 9
3 12
6 12
19 12
29 12
20 13
2 14
5 14
1 15
7 16
9 16
21 16
30 16
26 18
27 18
28 18
3 19
12 19
26 19
29 19
13 20
7 21
9 21
16 21
30 21
2 22
23 22
2 23
22 23
11 25
13 25
20 25
18 27
26 27
28 27
18 28
26 28
27 28
7 30
9 30
16 30
21 30
time 10
2 0
8 0
10 0
15 1
12 3
19 3
29 3
9 6
13 6
15 6
23 6
9 7
16 7
21 7
30 7
0 8
7 9
16 9
21 9
30 9
2 14
5 14
24 14
31 14
1 15
7 16
9 16
21 16
30 16
26 18
13 20
25 20
7 21
9 21
16 21
30 21
2 22
23 22
2 23
6 23
9 23
22 23
2 26
3 26
5 26
18 26
19 26
27 26
28 26
29 26
18 27
26 27
28 27
26 28
27 28
3 29
12 29
19 29
7 30
9 30
16 30
21 30
time 11
15 1
12 3
19 3
29 3
9 6
13 6
23 6
16 7
21 7
30 7
0 8
10 8
6 9
3 12
4 12
14 12
19 12
24 12
29 12
20 13
2 14
3 14
4 14
5 14
12 14
19 14
24 14
29 14
31 14
1 15
7 16
9 16
21 16
30 16
26 18
28 18
3 19
4 19
12 19
14 19
24 19
26 19
28 19
29 19
31 19
13 20
25 20
7 21
9 21
16 21
30 21
2 22
4 22
23 22
29 22
31 22
14 24
31 24
11 25
13 25
20 25
5 26
18 26
19 26
27 26
28 26
29 26
31 26
26 27
28 27
5 28
18 28
19 28
26 28
27 28
29 28
3 29
12 29
19 29
24 29
26 29
7 30
9 30
16 30
21 30
18 31
24 31
time 12
8 0
10 0
14 0
15 1
9 6
13 6
9 7
16 7
21 7
30 7
0 8
10 8
6 9
0 10
6 13
11 13
20 13
25 13
2 14
3 14
4 14
12 14
19 14
24 14
29 14
31 14
1 15
7 16
21 16
26 18
28 18
11 20
13 20
25 20
7 21
9 21
16 21
2 22
23 22
3 24
14 24
19 24
31 24
11 25
13 25
20 25
26 27
28 27
5 28
18 28
19 28
26 28
27 28
29 28
18 31
24 31