node 0 803.7487975113 179.47878093479298 Emily
0
1
1
1
1
1
node 1 1007.6286914735538 528.1522184474424 Donna
0
1
1
1
1
1
node 2 646.1020684333449 567.1117418939104 John
1
1
1
1
1
1
node 3 587.2400292151146 575.1011148996813 Judy
1
1
1
1
1
1
node 4 738.7397674336873 44.324009143310846 Lois
0
0
0
0
1
1
node 5 462.0498234284519 304.98550816594224 Mae
0
1
1
1
1
1
node 6 486.7135352635145 135.05422323108863 Rosa
0
0
1
1
1
1
node 7 178.077899837103 201.30718606205795 Jack
1
1
1
1
1
1
node 8 689.2619208719472 351.39075781238824 Frank
0
1
1
1
1
1
node 9 851.4874190792463 225.33984130687932 Edna
1
1
1
1
1
1
node 10 589.6572203028715 269.95289179860237 Peter
0
0
1
1
1
1
node 11 519.8142383444762 421.21010806335966 Louise
0
0
1
0
1
1
node 12 695.0021992164326 128.5058736686028 Irene
1
1
1
1
1
1
node 13 1207.5319960072882 299.18050635103816 Rob
0
1
1
1
1
1
node 14 820.97139471298 571.3923922972816 Thomas
0
1
1
1
1
1
node 15 149.83851579555576 215.85369097398933 Ryan
0
1
1
1
1
1
node 16 210.28961202264273 119.82427828698421 Eva
1
1
1
1
1
1
node 17 500.629797802217 526.8534671855263 Anna
0
0
0
0
0
0
node 18 256.6022423244964 259.2889583769844 Brian
1
1
1
1
1
1
node 19 396.769579808878 513.1240128781964 Julie
1
1
1
1
1
1
node 20 337.3155031457635 521.2864442862448 Jason
0
1
1
1
1
1
node 21 960.9685294494552 376.3243863053531 Erica
1
1
1
1
1
1
node 22 1019.9712070856143 390.32309732942986 Cathy
0
0
1
1
1
1
node 23 1199.8537286512965 561.8818257366386 Jacob
0
0
1
1
1
1
node 24 206.7691176757125 89.5498952376171 Daniel
0
0
0
1
1
1
node 25 792.139868708501 300.10275700331584 Chloe
0
0
1
1
1
1
node 26 370.9618803996939 89.64336357175524 Mark
1
1
1
1
1
1
node 27 464.20591681707714 556.3268103759204 Sandra
1
1
1
1
1
1
node 28 167.02100372178896 545.488643188429 Paul
0
1
1
1
1
1
node 29 266.83606052124065 550.4447751409947 Sara
1
1
1
1
1
1
node 30 113.70832211690788 393.93488112965764 Esther
1
1
1
1
1
1
node 31 1097.4013921522894 444.18751348117604 George
0
0
0
1
1
1
time 0
16 7
21 7
30 7
7 16
9 16
21 16
30 16
3 19
12 19
29 19
2 26
18 26
27 26
3 29
19 29
7 30
9 30
16 30
21 30
time 1
15 1
12 3
19 3
29 3
9 7
16 7
21 7
30 7
0 8
7 9
16 9
21 9
30 9
3 12
19 12
29 12
20 13
2 14
5 14
1 15
7 16
9 16
21 16
30 16
26 18
27 18
28 18
3 19
12 19
26 19
28 19
29 19
13 20
7 21
9 21
16 21
30 21
2 26
18 26
19 26
27 26
28 26
3 29
19 29
7 30
9 30
16 30
21 30
time 2
8 0
10 0
15 1
12 3
19 3
29 3
9 7
16 7
21 7
30 7
7 9
16 9
21 9
30 9
3 12
6 12
19 12
29 12
20 13
2 14
5 14
1 15
7 16
9 16
21 16
30 16
26 18
27 18
28 18
3 19
12 19
26 19
29 19
13 20
7 21
9 21
16 21
30 21
2 22
23 22
2 23
22 23
11 25
13 25
20 25
18 27
26 27
28 27
18 28
26 28
27 28
7 30
9 30
16 30
21 30
time 3
2 0
8 0
10 0
15 1
12 3
19 3
29 3
9 6
13 6
15 6
23 6
9 7
16 7
21 7
30 7
0 8
7 9
16 9
21 9
30 9
2 14
5 14
24 14
31 14
1 15
7 16
9 16
21 16
30 16
26 18
13 20
25 20
7 21
9 21
16 21
30 21
2 22
23 22
2 23
6 23
9 23
22 23
2 26
3 26
5 26
18 26
19 26
27 26
28 26
29 26
18 27
26 27
28 27
26 28
27 28
3 29
12 29
19 29
7 30
9 30
16 30
21 30
time 4
15 1
12 3
19 3
29 3
9 6
13 6
23 6
16 7
21 7
30 7
0 8
10 8
6 9
3 12
4 12
14 12
19 12
24 12
29 12
20 13
2 14
3 14
4 14
5 14
12 14
19 14
24 14
29 14
31 14
1 15
7 16
9 16
21 16
30 16
26 18
28 18
3 19
4 19
12 19
14 19
24 19
26 19
28 19
29 19
31 19
13 20
25 20
7 21
9 21
16 21
30 21
2 22
4 22
23 22
29 22
31 22
14 24
31 24
11 25
13 25
20 25
5 26
18 26
19 26
27 26
28 26
29 26
31 26
26 27
28 27
5 28
18 28
19 28
26 28
27 28
29 28
3 29
12 29
19 29
24 29
26 29
7 30
9 30
16 30
21 30
18 31
24 31
time 5
8 0
10 0
14 0
15 1
9 6
13 6
9 7
16 7
21 7
30 7
0 8
10 8
6 9
0 10
6 13
11 13
20 13
25 13
2 14
3 14
4 14
12 14
19 14
24 14
29 14
31 14
1 15
7 16
21 16
26 18
28 18
11 20
13 20
25 20
7 21
9 21
16 21
2 22
23 22
3 24
14 24
19 24
31 24
11 25
13 25
20 25
26 27
28 27
5 28
18 28
19 28
26 28
27 28
29 28
18 31
24 31