node 0 128.73391464076371 203.45999416877189
0
1
1
1
1
1
1
0
1
1
1
1
1
1
0
1
1
1
1
1
1
0
1
1
1
1
1
1
1
node 1 1012.4499719446094 376.70374053525677
0
1
1
1
1
1
1
0
1
1
1
1
1
1
0
1
1
1
1
1
1
0
1
1
1
1
1
1
1
node 2 579.824684881085 463.940533579584
1
1
1
1
1
1
1
1
1
1
1
1
1
1
1
1
1
1
1
1
1
1
1
1
1
1
1
1
1
node 3 1063.6244927293499 239.89842554399706
1
1
1
1
1
1
1
1
1
1
1
1
1
1
1
1
1
1
1
1
1
1
1
1
1
1
1
1
1
node 4 369.8338772518275 161.3566290175457
0
0
0
0
1
1
1
0
0
0
0
1
1
1
0
0
0
0
1
1
1
0
0
0
0
1
1
1
1
node 5 19.705767625891323 80.55186723984227
0
1
1
1
1
1
1
0
1
1
1
1
1
1
0
1
1
1
1
1
1
0
1
1
1
1
1
1
1
node 6 1188.0995194208986 510.9857977756522
0
0
1
1
1
1
1
0
0
1
1
1
1
1
0
0
1
1
1
1
1
0
0
1
1
1
1
1
1
node 7 284.5840790806224 79.61697851721459
1
1
1
1
1
1
1
1
1
1
1
1
1
1
1
1
1
1
1
1
1
1
1
1
1
1
1
1
1
node 8 46.43629954831891 376.6595651017928
0
1
1
1
1
1
1
0
1
1
1
1
1
1
0
1
1
1
1
1
1
0
1
1
1
1
1
1
1
node 9 1159.6244339563511 85.2859424708841
1
1
1
1
1
1
1
1
1
1
1
1
1
1
1
1
1
1
1
1
1
1
1
1
1
1
1
1
1
node 10 286.3938150738242 417.93270740823687
0
0
1
1
1
1
1
0
0
1
1
1
1
1
0
0
1
1
1
1
1
0
0
1
1
1
1
1
1
node 11 445.0811563270636 5.006458310868678
0
0
1
0
1
1
1
0
0
1
0
1
1
1
0
0
1
0
1
1
1
0
0
1
0
1
1
1
1
node 12 508.349980615114 248.82008221743322
1
1
1
1
1
1
1
1
1
1
1
1
1
1
1
1
1
1
1
1
1
1
1
1
1
1
1
1
1
node 13 681.8877746680664 365.678728032271
0
1
1
1
1
1
1
0
1
1
1
1
1
1
0
1
1
1
1
1
1
0
1
1
1
1
1
1
1
node 14 1003.6239372689494 59.168997015830094
0
1
1
1
1
1
1
0
1
1
1
1
1
1
0
1
1
1
1
1
1
0
1
1
1
1
1
1
1
node 15 1068.253904255999 286.75359536653974
0
1
1
1
1
1
1
0
1
1
1
1
1
1
0
1
1
1
1
1
1
0
1
1
1
1
1
1
1
node 16 147.99013440580683 260.477575138624
1
1
1
1
1
1
1
1
1
1
1
1
1
1
1
1
1
1
1
1
1
1
1
1
1
1
1
1
1
node 17 935.3536037453157 243.56929530324794
0
0
0
0
0
0
0
0
0
0
0
0
0
0
0
0
0
0
0
0
0
0
0
0
0
0
0
0
0
node 18 349.98527535050073 422.461452719828
1
1
1
1
1
1
1
1
1
1
1
1
1
1
1
1
1
1
1
1
1
1
1
1
1
1
1
1
1
node 19 399.05708238090864 224.63197218434706
1
1
1
1
1
1
1
1
1
1
1
1
1
1
1
1
1
1
1
1
1
1
1
1
1
1
1
1
1
node 20 790.2213753061033 264.91360254856164
0
1
1
1
1
1
1
0
1
1
1
1
1
1
0
1
1
1
1
1
1
0
1
1
1
1
1
1
1
node 21 920.1340445786292 206.661679955936
1
1
1
1
1
1
1
1
1
1
1
1
1
1
1
1
1
1
1
1
1
1
1
1
1
1
1
1
1
node 22 1088.5536576924158 161.39409125318878
0
0
1
1
1
1
1
0
0
1
1
1
1
1
0
0
1
1
1
1
1
0
0
1
1
1
1
1
1
node 23 503.6504655365466 485.09329631563406
0
0
1
1
1
1
1
0
0
1
1
1
1
1
0
0
1
1
1
1
1
0
0
1
1
1
1
1
1
node 24 1194.3989736680192 297.0288508456067
0
0
0
1
1
1
1
0
0
0
1
1
1
1
0
0
0
1
1
1
1
0
0
0
1
1
1
1
1
node 25 149.38177014538508 305.33863367851643
0
0
1
1
1
1
1
0
0
1
1
1
1
1
0
0
1
1
1
1
1
0
0
1
1
1
1
1
1
node 26 711.7601914646287 302.188673026564
1
1
1
1
1
1
1
1
1
1
1
1
1
1
1
1
1
1
1
1
1
1
1
1
1
1
1
1
1
node 27 1178.9831411905272 241.4833373243625
1
1
1
1
1
1
1
1
1
1
1
1
1
1
1
1
1
1
1
1
1
1
1
1
1
1
1
1
1
node 28 544.5842692608531 57.061856178173876
0
1
1
1
1
1
1
0
1
1
1
1
1
1
0
1
1
1
1
1
1
0
1
1
1
1
1
1
1
node 29 962.3853061577162 464.2093704604989
1
1
1
1
1
1
1
1
1
1
1
1
1
1
1
1
1
1
1
1
1
1
1
1
1
1
1
1
1
node 30 1179.9666280446954 429.1262148890021
1
1
1
1
1
1
1
1
1
1
1
1
1
1
1
1
1
1
1
1
1
1
1
1
1
1
1
1
1
node 31 1095.4252025223811 228.60105088196053
0
0
0
1
1
1
1
0
0
0
1
1
1
1
0
0
0
1
1
1
1
0
0
0
1
1
1
1
1
time 0
16 7
21 7
30 7
7 16
9 16
21 16
30 16
3 19
12 19
29 19
2 26
18 26
27 26
3 29
19 29
7 30
9 30
16 30
21 30
time 1
15 1
12 3
19 3
29 3
9 7
16 7
21 7
30 7
0 8
7 9
16 9
21 9
30 9
3 12
19 12
29 12
20 13
2 14
5 14
1 15
7 16
9 16
21 16
30 16
26 18
27 18
28 18
3 19
12 19
26 19
28 19
29 19
13 20
7 21
9 21
16 21
30 21
2 26
18 26
19 26
27 26
28 26
3 29
19 29
7 30
9 30
16 30
21 30
time 2
8 0
10 0
15 1
12 3
19 3
29 3
9 7
16 7
21 7
30 7
7 9
16 9
21 9
30 9
3 12
6 12
19 12
29 12
20 13
2 14
5 14
1 15
7 16
9 16
21 16
30 16
26 18
27 18
28 18
3 19
12 19
26 19
29 19
13 20
7 21
9 21
16 21
30 21
2 22
23 22
2 23
22 23
11 25
13 25
20 25
18 27
26 27
28 27
18 28
26 28
27 28
7 30
9 30
16 30
21 30
time 3
2 0
8 0
10 0
15 1
12 3
19 3
29 3
9 6
13 6
15 6
23 6
9 7
16 7
21 7
30 7
0 8
7 9
16 9
21 9
30 9
2 14
5 14
24 14
31 14
1 15
7 16
9 16
21 16
30 16
26 18
13 20
25 20
7 21
9 21
16 21
30 21
2 22
23 22
2 23
6 23
9 23
22 23
2 26
3 26
5 26
18 26
19 26
27 26
28 26
29 26
18 27
26 27
28 27
26 28
27 28
3 29
12 29
19 29
7 30
9 30
16 30
21 30
time 4
15 1
12 3
19 3
29 3
9 6
13 6
23 6
16 7
21 7
30 7
0 8
10 8
6 9
3 12
4 12
14 12
19 12
24 12
29 12
20 13
2 14
3 14
4 14
5 14
12 14
19 14
24 14
29 14
31 14
1 15
7 16
9 16
21 16
30 16
26 18
28 18
3 19
4 19
12 19
14 19
24 19
26 19
28 19
29 19
31 19
13 20
25 20
7 21
9 21
16 21
30 21
2 22
4 22
23 22
29 22
31 22
14 24
31 24
11 25
13 25
20 25
5 26
18 26
19 26
27 26
28 26
29 26
31 26
26 27
28 27
5 28
18 28
19 28
26 28
27 28
29 28
3 29
12 29
19 29
24 29
26 29
7 30
9 30
16 30
21 30
18 31
24 31
time 5
8 0
10 0
14 0
15 1
9 6
13 6
9 7
16 7
21 7
30 7
0 8
10 8
6 9
0 10
6 13
11 13
20 13
25 13
2 14
3 14
4 14
12 14
19 14
24 14
29 14
31 14
1 15
7 16
21 16
26 18
28 18
11 20
13 20
25 20
7 21
9 21
16 21
2 22
23 22
3 24
14 24
19 24
31 24
11 25
13 25
20 25
26 27
28 27
5 28
18 28
19 28
26 28
27 28
29 28
18 31
24 31
time 6
8 0
10 0
14 0
15 1
9 6
13 6
9 7
16 7
21 7
30 7
0 8
10 8
6 9
0 10
6 13
11 13
20 13
25 13
2 14
3 14
4 14
12 14
19 14
24 14
29 14
31 14
1 15
7 16
21 16
26 18
28 18
11 20
13 20
25 20
7 21
9 21
16 21
2 22
23 22
3 24
14 24
19 24
31 24
11 25
13 25
20 25
26 27
28 27
5 28
18 28
19 28
26 28
27 28
29 28
18 31
24 31
time 7
16 7
21 7
30 7
7 16
9 16
21 16
30 16
3 19
12 19
29 19
2 26
18 26
27 26
3 29
19 29
7 30
9 30
16 30
21 30
time 8
15 1
12 3
19 3
29 3
9 7
16 7
21 7
30 7
0 8
7 9
16 9
21 9
30 9
3 12
19 12
29 12
20 13
2 14
5 14
1 15
7 16
9 16
21 16
30 16
26 18
27 18
28 18
3 19
12 19
26 19
28 19
29 19
13 20
7 21
9 21
16 21
30 21
2 26
18 26
19 26
27 26
28 26
3 29
19 29
7 30
9 30
16 30
21 30
time 9
8 0
10 0
15 1
12 3
19 3
29 3
9 7
16 7
21 7
30 7
7 9
16 9
21 9
30 9
3 12
6 12
19 12
29 12
20 13
2 14
5 14
1 15
7 16
9 16
21 16
30 16
26 18
27 18
28 18
3 19
12 19
26 19
29 19
13 20
7 21
9 21
16 21
30 21
2 22
23 22
2 23
22 23
11 25
13 25
20 25
18 27
26 27
28 27
18 28
26 28
27 28
7 30
9 30
16 30
21 30
time 10
2 0
8 0
10 0
15 1
12 3
19 3
29 3
9 6
13 6
15 6
23 6
9 7
16 7
21 7
30 7
0 8
7 9
16 9
21 9
30 9
2 14
5 14
24 14
31 14
1 15
7 16
9 16
21 16
30 16
26 18
13 20
25 20
7 21
9 21
16 21
30 21
2 22
23 22
2 23
6 23
9 23
22 23
2 26
3 26
5 26
18 26
19 26
27 26
28 26
29 26
18 27
26 27
28 27
26 28
27 28
3 29
12 29
19 29
7 30
9 30
16 30
21 30
time 11
15 1
12 3
19 3
29 3
9 6
13 6
23 6
16 7
21 7
30 7
0 8
10 8
6 9
3 12
4 12
14 12
19 12
24 12
29 12
20 13
2 14
3 14
4 14
5 14
12 14
19 14
24 14
29 14
31 14
1 15
7 16
9 16
21 16
30 16
26 18
28 18
3 19
4 19
12 19
14 19
24 19
26 19
28 19
29 19
31 19
13 20
25 20
7 21
9 21
16 21
30 21
2 22
4 22
23 22
29 22
31 22
14 24
31 24
11 25
13 25
20 25
5 26
18 26
19 26
27 26
28 26
29 26
31 26
26 27
28 27
5 28
18 28
19 28
26 28
27 28
29 28
3 29
12 29
19 29
24 29
26 29
7 30
9 30
16 30
21 30
18 31
24 31
time 12
8 0
10 0
14 0
15 1
9 6
13 6
9 7
16 7
21 7
30 7
0 8
10 8
6 9
0 10
6 13
11 13
20 13
25 13
2 14
3 14
4 14
12 14
19 14
24 14
29 14
31 14
1 15
7 16
21 16
26 18
28 18
11 20
13 20
25 20
7 21
9 21
16 21
2 22
23 22
3 24
14 24
19 24
31 24
11 25
13 25
20 25
26 27
28 27
5 28
18 28
19 28
26 28
27 28
29 28
18 31
24 31
time 13
8 0
10 0
14 0
15 1
9 6
13 6
9 7
16 7
21 7
30 7
0 8
10 8
6 9
0 10
6 13
11 13
20 13
25 13
2 14
3 14
4 14
12 14
19 14
24 14
29 14
31 14
1 15
7 16
21 16
26 18
28 18
11 20
13 20
25 20
7 21
9 21
16 21
2 22
23 22
3 24
14 24
19 24
31 24
11 25
13 25
20 25
26 27
28 27
5 28
18 28
19 28
26 28
27 28
29 28
18 31
24 31
time 14
16 7
21 7
30 7
7 16
9 16
21 16
30 16
3 19
12 19
29 19
2 26
18 26
27 26
3 29
19 29
7 30
9 30
16 30
21 30
time 15
15 1
12 3
19 3
29 3
9 7
16 7
21 7
30 7
0 8
7 9
16 9
21 9
30 9
3 12
19 12
29 12
20 13
2 14
5 14
1 15
7 16
9 16
21 16
30 16
26 18
27 18
28 18
3 19
12 19
26 19
28 19
29 19
13 20
7 21
9 21
16 21
30 21
2 26
18 26
19 26
27 26
28 26
3 29
19 29
7 30
9 30
16 30
21 30
time 16
8 0
10 0
15 1
12 3
19 3
29 3
9 7
16 7
21 7
30 7
7 9
16 9
21 9
30 9
3 12
6 12
19 12
29 12
20 13
2 14
5 14
1 15
7 16
9 16
21 16
30 16
26 18
27 18
28 18
3 19
12 19
26 19
29 19
13 20
7 21
9 21
16 21
30 21
2 22
23 22
2 23
22 23
11 25
13 25
20 25
18 27
26 27
28 27
18 28
26 28
27 28
7 30
9 30
16 30
21 30
time 17
2 0
8 0
10 0
15 1
12 3
19 3
29 3
9 6
13 6
15 6
23 6
9 7
16 7
21 7
30 7
0 8
7 9
16 9
21 9
30 9
2 14
5 14
24 14
31 14
1 15
7 16
9 16
21 16
30 16
26 18
13 20
25 20
7 21
9 21
16 21
30 21
2 22
23 22
2 23
6 23
9 23
22 23
2 26
3 26
5 26
18 26
19 26
27 26
28 26
29 26
18 27
26 27
28 27
26 28
27 28
3 29
12 29
19 29
7 30
9 30
16 30
21 30
time 18
15 1
12 3
19 3
29 3
9 6
13 6
23 6
16 7
21 7
30 7
0 8
10 8
6 9
3 12
4 12
14 12
19 12
24 12
29 12
20 13
2 14
3 14
4 14
5 14
12 14
19 14
24 14
29 14
31 14
1 15
7 16
9 16
21 16
30 16
26 18
28 18
3 19
4 19
12 19
14 19
24 19
26 19
28 19
29 19
31 19
13 20
25 20
7 21
9 21
16 21
30 21
2 22
4 22
23 22
29 22
31 22
14 24
31 24
11 25
13 25
20 25
5 26
18 26
19 26
27 26
28 26
29 26
31 26
26 27
28 27
5 28
18 28
19 28
26 28
27 28
29 28
3 29
12 29
19 29
24 29
26 29
7 30
9 30
16 30
21 30
18 31
24 31
time 19
8 0
10 0
14 0
15 1
9 6
13 6
9 7
16 7
21 7
30 7
0 8
10 8
6 9
0 10
6 13
11 13
20 13
25 13
2 14
3 14
4 14
12 14
19 14
24 14
29 14
31 14
1 15
7 16
21 16
26 18
28 18
11 20
13 20
25 20
7 21
9 21
16 21
2 22
23 22
3 24
14 24
19 24
31 24
11 25
13 25
20 25
26 27
28 27
5 28
18 28
19 28
26 28
27 28
29 28
18 31
24 31
time 20
8 0
10 0
14 0
15 1
9 6
13 6
9 7
16 7
21 7
30 7
0 8
10 8
6 9
0 10
6 13
11 13
20 13
25 13
2 14
3 14
4 14
12 14
19 14
24 14
29 14
31 14
1 15
7 16
21 16
26 18
28 18
11 20
13 20
25 20
7 21
9 21
16 21
2 22
23 22
3 24
14 24
19 24
31 24
11 25
13 25
20 25
26 27
28 27
5 28
18 28
19 28
26 28
27 28
29 28
18 31
24 31
time 21
16 7
21 7
30 7
7 16
9 16
21 16
30 16
3 19
12 19
29 19
2 26
18 26
27 26
3 29
19 29
7 30
9 30
16 30
21 30
time 22
15 1
12 3
19 3
29 3
9 7
16 7
21 7
30 7
0 8
7 9
16 9
21 9
30 9
3 12
19 12
29 12
20 13
2 14
5 14
1 15
7 16
9 16
21 16
30 16
26 18
27 18
28 18
3 19
12 19
26 19
28 19
29 19
13 20
7 21
9 21
16 21
30 21
2 26
18 26
19 26
27 26
28 26
3 29
19 29
7 30
9 30
16 30
21 30
time 23
8 0
10 0
15 1
12 3
19 3
29 3
9 7
16 7
21 7
30 7
7 9
16 9
21 9
30 9
3 12
6 12
19 12
29 12
20 13
2 14
5 14
1 15
7 16
9 16
21 16
30 16
26 18
27 18
28 18
3 19
12 19
26 19
29 19
13 20
7 21
9 21
16 21
30 21
2 22
23 22
2 23
22 23
11 25
13 25
20 25
18 27
26 27
28 27
18 28
26 28
27 28
7 30
9 30
16 30
21 30
time 24
2 0
8 0
10 0
15 1
12 3
19 3
29 3
9 6
13 6
15 6
23 6
9 7
16 7
21 7
30 7
0 8
7 9
16 9
21 9
30 9
2 14
5 14
24 14
31 14
1 15
7 16
9 16
21 16
30 16
26 18
13 20
25 20
7 21
9 21
16 21
30 21
2 22
23 22
2 23
6 23
9 23
22 23
2 26
3 26
5 26
18 26
19 26
27 26
28 26
29 26
18 27
26 27
28 27
26 28
27 28
3 29
12 29
19 29
7 30
9 30
16 30
21 30
time 25
15 1
12 3
19 3
29 3
9 6
13 6
23 6
16 7
21 7
30 7
0 8
10 8
6 9
3 12
4 12
14 12
19 12
24 12
29 12
20 13
2 14
3 14
4 14
5 14
12 14
19 14
24 14
29 14
31 14
1 15
7 16
9 16
21 16
30 16
26 18
28 18
3 19
4 19
12 19
14 19
24 19
26 19
28 19
29 19
31 19
13 20
25 20
7 21
9 21
16 21
30 21
2 22
4 22
23 22
29 22
31 22
14 24
31 24
11 25
13 25
20 25
5 26
18 26
19 26
27 26
28 26
29 26
31 26
26 27
28 27
5 28
18 28
19 28
26 28
27 28
29 28
3 29
12 29
19 29
24 29
26 29
7 30
9 30
16 30
21 30
18 31
24 31
time 26
8 0
10 0
14 0
15 1
9 6
13 6
9 7
16 7
21 7
30 7
0 8
10 8
6 9
0 10
6 13
11 13
20 13
25 13
2 14
3 14
4 14
12 14
19 14
24 14
29 14
31 14
1 15
7 16
21 16
26 18
28 18
11 20
13 20
25 20
7 21
9 21
16 21
2 22
23 22
3 24
14 24
19 24
31 24
11 25
13 25
20 25
26 27
28 27
5 28
18 28
19 28
26 28
27 28
29 28
18 31
24 31
time 27
8 0
10 0
14 0
15 1
9 6
13 6
9 7
16 7
21 7
30 7
0 8
10 8
6 9
0 10
6 13
11 13
20 13
25 13
2 14
3 14
4 14
12 14
19 14
24 14
29 14
31 14
1 15
7 16
21 16
26 18
28 18
11 20
13 20
25 20
7 21
9 21
16 21
2 22
23 22
3 24
14 24
19 24
31 24
11 25
13 25
20 25
26 27
28 27
5 28
18 28
19 28
26 28
27 28
29 28
18 31
24 31
time 28
8 0
10 0
14 0
15 1
9 6
13 6
9 7
16 7
21 7
30 7
0 8
10 8
6 9
0 10
6 13
11 13
20 13
25 13
2 14
3 14
4 14
12 14
19 14
24 14
29 14
31 14
1 15
7 16
21 16
26 18
28 18
11 20
13 20
25 20
7 21
9 21
16 21
2 22
23 22
3 24
14 24
19 24
31 24
11 25
13 25
20 25
26 27
28 27
5 28
18 28
19 28
26 28
27 28
29 28
18 31
24 31

