node 0 1190.6177418599873 277.7003132115731 "110-story"
1
1
1
1
1
1
1
1
1
1
node 1 528.8752288169616 125.62695356919187 "act"
1
1
1
1
1
1
1
0
0
1
node 2 574.2064493319186 212.5318705033244 "action"
1
1
1
1
1
1
1
1
1
1
node 3 1236.9088794779555 576.7453353360596 "activity"
0
0
1
1
1
1
1
1
1
1
node 4 818.668349095019 459.1619403842856 "add"
1
0
1
0
1
0
1
1
1
1
node 5 411.11647954968134 297.50803612887324 "administration"
1
1
1
1
1
1
1
0
0
1
node 6 1182.9916818662518 478.87211001723114 "afghan"
1
1
1
1
1
1
1
1
1
1
node 7 578.5533410325706 323.238980795205 "agency"
1
1
1
1
1
1
1
1
1
1
node 8 247.99826899215256 500.89175861100193 "agent"
1
1
1
1
1
1
1
1
1
1
node 9 151.8042745424926 293.36494963750505 "aircraft"
1
1
1
1
1
1
1
1
1
1
node 10 312.33230119706843 283.9230725613079 "airline"
1
1
1
1
1
1
1
1
1
1
node 11 46.84826467117931 236.44703000643486 "airliner"
1
1
1
1
1
1
1
1
1
1
node 12 770.0980442567969 202.66201699340868 "airplane"
1
1
1
0
1
1
1
1
1
1
node 13 122.43477650447143 232.73184926586472 "airport"
1
1
1
1
1
1
1
1
1
1
node 14 1051.5440596440849 183.6499802146011 "alliance"
1
1
0
1
1
1
1
1
1
1
node 15 1174.3469049586306 88.22528785525974 "ambassador"
1
1
1
1
1
0
1
1
1
0
node 16 37.53799417898176 513.8143746285011 "analyst"
1
1
1
1
1
1
1
1
1
1
node 17 504.30427439515006 287.6898092776306 "arab"
1
1
1
1
1
1
1
1
1
1
node 18 1164.4835173771726 262.82962812658093 "army"
1
1
1
1
1
1
0
1
1
0
node 19 471.197351135066 146.11492746130276 "attacker"
1
1
1
1
1
1
1
1
1
1
node 20 718.8023538644603 596.9536994505528 "authority"
1
1
1
1
1
1
1
0
0
1
node 21 1171.847290970856 249.1088577767941 "back"
1
1
1
1
1
1
0
0
0
1
node 22 1079.137000465175 17.26848921324553 "bank"
1
1
1
0
0
0
1
1
1
1
node 23 489.5493537669623 162.3078335779694 "base"
1
1
0
1
1
1
0
1
1
1
node 24 900.0257195390633 529.2761713638914 "battle"
0
1
0
1
1
1
0
0
0
0
node 25 941.2856246816983 198.29771878403187 "block"
1
1
1
1
1
1
1
0
0
0
node 26 442.95964424803935 143.57671534211056 "board"
1
1
1
1
1
1
0
1
1
0
node 27 548.6815855983001 556.6916425419698 "body"
1
1
1
1
1
1
1
1
1
1
node 28 1199.4522804281683 118.87535071353055 "bomb"
1
1
1
1
1
1
0
1
1
1
node 29 603.5331416895724 598.9049835975849 "border"
1
1
1
1
1
1
1
1
1
1
node 30 866.0350141756601 388.8422649049634 "british"
1
1
1
0
1
1
1
1
1
1
node 31 446.04546786537554 583.8181079685132 "buildngs"
1
1
1
1
1
1
1
1
1
1
node 32 122.93822923749836 63.37012571539438 "call"
1
1
1
1
1
1
1
1
1
1
node 33 722.8018834922315 273.91556079912357 "capital"
1
1
1
1
1
1
1
1
1
0
node 34 286.62527937279356 362.5485663683402 "case"
0
1
1
1
1
1
0
1
1
1
node 35 791.9199657353844 423.63848620804686 "center"
1
1
1
1
1
1
1
1
1
1
node 36 751.3175989064697 428.1980970751744 "central"
1
1
1
1
1
0
1
1
1
0
node 37 494.8548926570181 482.5860687456183 "charge"
1
0
1
1
1
1
1
1
1
1
node 38 956.182663904086 163.07956772099698 "chief"
1
1
1
1
1
1
1
1
1
1
node 39 167.87358657777528 485.8498166295198 "christian"
1
1
0
0
0
0
0
0
0
0
node 40 912.951610323854 571.9182910658124 "city"
1
1
1
1
1
1
1
1
1
1
node 41 521.3509216805979 62.16294391177004 "civilian"
1
1
1
1
1
1
1
1
1
1
node 42 853.3921044324476 221.15605079490848 "close"
1
1
1
1
1
1
1
1
1
1
node 43 871.7281803062448 367.69585780126795 "cockpit"
1
1
1
1
1
0
0
1
1
1
node 44 557.2823095308414 595.8668710513574 "comment"
1
1
0
1
1
1
1
1
1
1
node 45 169.2262319005472 349.2269423350679 "commercial"
1
1
1
1
1
1
1
1
1
1
node 46 1149.315606414167 512.5466893401532 "community"
1
0
1
1
1
1
1
1
1
1
node 47 324.22022602005063 55.06620147698107 "company"
1
1
1
1
1
1
1
1
1
1
node 48 357.7103462706277 345.5096448498756 "concern"
1
1
1
1
1
1
1
1
1
1
node 49 496.5592342083583 345.5080265750965 "concrete"
1
1
1
1
1
0
1
1
1
0
node 50 158.20868387206409 42.39793099589482 "conference"
1
1
1
1
1
1
1
1
1
1
node 51 525.0547909157397 106.73760708979539 "congress"
1
1
1
1
1
1
1
1
1
1
node 52 884.6174954583205 540.8350781562967 "contact"
1
1
1
0
1
0
0
1
1
0
node 53 288.8625731300436 543.0140069851233 "control"
1
1
1
1
1
1
0
0
0
1
node 54 771.0791048065279 53.52612392328891 "cost"
1
0
1
1
1
1
1
1
1
1
node 55 758.5475569879659 111.60117253928597 "council"
1
1
0
1
0
1
1
0
0
1
node 56 751.8541925254489 563.1316248289204 "crash"
1
1
1
1
1
1
1
1
1
1
node 57 562.2488251190555 373.3170682883884 "crew"
1
1
1
1
1
1
1
1
1
1
node 58 1181.5581317079943 161.01590118730047 "data"
1
1
1
1
1
1
0
1
1
0
node 59 311.55009217727167 258.71896823200746 "decision"
0
1
0
1
1
1
1
1
1
1
node 60 1202.5122092383565 175.49307084942075 "defense"
1
1
1
1
1
1
1
1
1
1
node 61 702.4142729293227 195.84169777862263 "department"
1
1
0
1
1
0
1
1
1
1
node 62 276.1547865671653 165.46843587823986 "destruction"
1
1
1
1
1
1
1
1
1
1
node 63 778.8538266760874 210.0542016655409 "detail"
1
1
1
1
1
1
1
1
1
1
node 64 1162.302992401857 4.39558206066788 "devastate"
1
1
1
1
1
1
0
1
1
1
node 65 970.8869175998908 289.9977661576062 "devastation"
1
1
1
1
1
1
0
1
1
0
node 66 623.4634322920011 47.243352072237045 "different"
1
1
1
0
0
0
1
0
0
0
node 67 343.76790173759514 415.7182847068373 "director"
1
1
1
1
1
0
1
0
0
1
node 68 851.3620062516278 559.6903983613631 "disaster"
1
1
1
1
1
1
1
1
1
0
node 69 172.4830129676784 266.002710953083 "dissident"
1
1
1
1
1
1
1
1
1
0
node 70 1059.3947994590847 394.0379895580807 "district"
1
1
1
1
1
1
1
1
1
1
node 71 234.06637963839168 361.57892896934663 "downtown"
1
1
1
0
1
0
1
1
1
1
node 72 1107.7991259722035 320.35573482170486 "early"
1
1
1
1
0
1
1
1
1
1
node 73 90.41864745564426 59.23628295720205 "economy"
1
1
1
1
0
1
0
1
1
1
node 74 1178.000834127422 264.14791918835004 "embassy"
1
1
1
1
1
1
1
0
0
0
node 75 115.99997282636929 389.072601206586 "end"
0
1
1
0
0
1
0
1
1
0
node 76 888.8155814688843 163.35172958107017 "enemy"
1
1
0
1
1
1
1
1
1
0
node 77 1108.0206114867428 222.97189950611482 "enforcement"
1
1
1
1
1
1
1
1
1
1
node 78 349.9640264961394 437.7522592607709 "europe"
1
1
1
0
1
1
1
0
1
1
node 79 751.5676598328129 77.06555800395185 "european"
1
1
1
1
1
0
1
1
1
1
node 80 727.7078992991304 562.9221375727268 "event"
1
1
1
0
1
1
1
0
0
0
node 81 1248.482432658391 584.3280695112485 "exile"
1
1
1
1
1
1
1
1
1
1
node 82 453.32078588350896 358.56773002085964 "expert"
1
1
1
1
1
1
1
1
1
1
node 83 56.743467052070564 125.60679615677883 "extremist"
1
1
1
1
1
1
0
0
0
1
node 84 237.57882966433635 337.68660546621425 "family"
1
1
1
1
1
1
1
1
1
1
node 85 1176.6109066752351 78.2839385332336 "fbi"
1
1
1
1
1
1
1
1
1
1
node 86 563.4900712890766 18.215036924919616 "fear"
1
1
1
1
1
1
1
1
1
1
node 87 260.8539050397285 431.4169457914693 "federal"
1
1
1
1
1
1
1
1
1
1
node 88 565.0757901865927 472.86718663927076 "field"
1
1
1
1
1
1
1
1
1
0
node 89 519.0081027920422 124.6024143386554 "fight"
1
1
1
1
1
1
1
1
1
0
node 90 912.1768337031007 185.6414705806242 "fighter"
1
1
1
1
1
1
1
1
1
1
node 91 429.8010310961975 394.95667954616033 "final"
0
1
1
0
0
0
1
1
1
1
node 92 509.9770834548746 494.9928913368121 "financial"
1
1
1
1
1
1
1
1
1
1
node 93 1171.634385968698 262.5048452346877 "flight"
1
1
1
1
1
1
1
1
1
1
node 94 1237.2210044505628 533.9433542373856 "floor"
1
1
1
1
0
1
1
1
1
1
node 95 178.3268037379325 448.9185084055596 "foreign"
1
1
1
1
1
1
1
1
1
1
node 96 338.94628036687607 226.42599788406338 "former"
1
1
1
1
1
1
1
1
1
1
node 97 1076.1979280901003 107.94080549909306 "friend"
0
1
1
1
0
1
1
1
1
1
node 98 207.96230285233878 166.93216862921355 "full"
1
1
1
1
0
1
1
1
1
0
node 99 709.013803268674 347.98566714651855 "future"
1
1
1
1
1
0
1
1
1
1
node 100 134.27484929964373 97.05396928518131 "german"
1
1
1
0
1
0
1
1
1
1
node 101 1009.3155147080943 248.29703619656868 "global"
1
1
1
1
1
1
1
1
1
1
node 102 423.190973504671 397.7880878602766 "go"
1
1
1
1
1
0
0
1
1
1
node 103 878.2177698487421 109.70180352678315 "good"
1
1
1
1
1
1
1
0
0
1
node 104 1080.9337490981266 540.4904909680959 "ground"
1
1
1
1
1
1
1
0
0
1
node 105 990.8905760063029 239.3889034739458 "group"
1
1
1
1
1
1
1
1
1
1
node 106 41.25490341081381 182.1446622585546 "guest"
1
1
1
0
1
0
0
0
0
1
node 107 51.62719159960971 46.29532169498438 "gulf"
1
1
1
1
1
1
1
1
1
0
node 108 907.7536468196405 552.1297466981586 "hand"
0
1
1
1
1
1
1
1
1
1
node 109 730.6531087466121 419.57840921417403 "head"
1
1
1
1
1
1
1
1
1
1
node 110 1164.3935738553494 557.9483863581434 "heart"
1
1
1
1
1
1
1
1
1
1
node 111 1074.6452358169458 77.30196431420777 "help"
1
1
1
1
1
1
1
1
1
1
node 112 11.055009077229617 436.3972472556504 "high"
1
1
1
0
1
1
0
1
1
1
node 113 94.30757622299862 5.862433536332534 "hijacker"
1
1
1
1
1
1
1
1
1
1
node 114 411.86882228053224 394.4369460501276 "history"
1
1
1
1
1
0
1
1
1
0
node 115 745.2894514070978 462.82960457661096 "hit"
1
1
1
1
1
1
1
1
1
1
node 116 101.5474019570202 120.54136913287053 "home"
1
1
1
0
1
1
1
1
1
1
node 117 883.2332387772707 286.7749087454736 "hundred"
1
1
1
1
1
1
1
1
1
1
node 118 1178.9630832593507 102.57983388875307 "identification"
0
1
1
1
1
1
0
0
0
0
node 119 489.8045076805288 247.30875660550325 "impact"
1
1
1
1
1
1
0
1
1
1
node 120 27.818866510298246 162.30905642666 "include"
1
1
1
1
1
1
1
1
1
1
node 121 284.1829367098307 276.94670703755133 "individual"
1
1
1
1
1
0
1
1
1
1
node 122 1141.4150372585368 109.32516682594783 "information"
1
1
1
1
1
1
1
1
1
1
node 123 253.68312753362682 53.572815655494054 "intelligence"
1
1
1
1
1
1
1
1
1
1
node 124 1242.2358130692667 128.84963307570757 "international"
1
1
1
1
1
1
1
1
1
1
node 125 407.92521586163616 548.1670086184678 "interview"
1
1
1
1
1
1
1
1
1
1
node 126 127.36349461104705 247.99633724639526 "investigation"
1
1
1
1
1
1
1
1
1
1
node 127 183.2907688624033 417.1114874332916 "investigator"
1
1
1
1
1
1
1
1
1
1
node 128 687.5731558604473 574.1903171992905 "involvement"
1
1
0
0
0
1
1
0
0
1
node 129 1148.2753054730547 501.7899101907463 "issue"
0
1
0
0
1
1
1
1
1
1
node 130 41.369173307703036 367.1824075721311 "jet"
1
1
1
1
1
1
1
1
1
1
node 131 1235.789258805628 200.34142242010654 "jetliner"
1
1
1
1
1
1
1
1
1
1
node 132 445.1955502598427 592.6272908094822 "job"
1
1
1
1
1
1
0
0
0
0
node 133 155.46018318514197 297.32992870815616 "justice_dept"
1
1
1
1
1
1
1
1
1
1
node 134 87.58533772589838 210.4658033129452 "kabul"
1
1
1
1
1
1
1
1
1
1
node 135 1167.5545714451089 376.73762627695197 "key"
1
1
1
1
1
1
1
1
1
1
node 136 48.109891885433214 475.3760820563715 "landmark"
1
1
1
1
1
1
1
1
1
1
node 137 280.26309709064947 202.0902452884167 "large"
1
1
1
1
1
1
1
1
1
1
node 138 851.6471897357052 369.3312371833013 "late"
1
1
1
1
1
1
1
1
1
0
node 139 163.78437265582954 24.669505751600006 "law"
1
1
1
1
1
1
1
1
1
1
node 140 174.70912962048237 547.8249210533401 "lawmaker"
1
1
0
1
1
1
1
1
1
0
node 141 157.8926772548131 476.66749170580107 "lead"
0
1
1
1
1
1
1
0
0
1
node 142 1113.3503553151604 261.5995040986745 "leave"
1
1
1
1
1
1
1
1
1
0
node 143 684.4903085294526 320.7851971644106 "life"
1
1
1
1
1
1
1
1
1
1
node 144 501.5281198699997 14.734929259960916 "light"
1
1
0
1
1
1
1
0
0
0
node 145 163.02233257612485 261.17664272182094 "link"
1
1
1
0
1
1
1
1
1
1
node 146 324.6890566069971 37.729950031918435 "long"
1
1
1
1
1
1
1
1
1
1
node 147 164.57044685971408 72.78802348074711 "loss"
1
1
1
1
1
1
1
0
0
1
node 148 1055.8316020835098 390.7307364143373 "major"
1
1
1
1
1
1
0
1
1
1
node 149 29.94481395004564 77.03990161243188 "man"
1
1
1
1
1
1
1
1
1
1
node 150 0.32391207989479476 267.33528583499896 "massive"
1
1
1
1
1
1
1
1
1
1
node 151 518.1574534728937 81.4488298652051 "mayor"
1
1
1
1
1
1
1
1
1
1
node 152 471.3545292455093 243.42554145463438 "mayor_giuliani"
1
1
1
1
1
1
1
1
1
1
node 153 994.2874440281232 109.18337013770586 "meet"
1
1
1
1
1
1
1
1
1
0
node 154 80.0500199190926 8.252633943325737 "member"
1
1
1
1
1
1
1
1
1
1
node 155 1209.9374006644616 171.69779785621128 "message"
1
1
1
1
0
0
0
0
0
0
node 156 1113.015308341281 526.5239923745589 "might"
1
0
1
1
1
1
1
0
0
1
node 157 625.2335185215953 383.48509973976775 "mile"
1
1
1
1
1
1
1
1
1
1
node 158 385.3353138755694 10.514412012793084 "militant"
1
1
1
1
1
1
1
1
1
1
node 159 468.63472433251354 482.63971604398404 "million"
1
1
1
0
1
1
1
1
1
1
node 160 98.92204480105235 330.2470310926372 "minister"
1
1
1
1
1
1
1
1
1
1
node 161 79.69469947646162 104.31838227016867 "miss"
1
1
1
1
1
1
1
1
1
1
node 162 104.4998373854071 557.5629279957169 "moment"
1
1
1
0
1
1
0
1
1
1
node 163 780.3587392965086 156.3362760979741 "monday"
1
1
1
1
1
1
1
1
1
1
node 164 560.4921689788827 226.42218109806 "month"
0
1
1
1
1
1
1
0
0
0
node 165 72.38038044362155 167.0340066725937 "movement"
1
1
0
0
1
1
1
1
1
1
node 166 1053.6059345017688 397.05227729473273 "mullah"
1
1
1
1
1
1
1
0
0
1
node 167 112.00681029676251 515.1992066238881 "name"
1
1
1
1
1
1
1
1
1
0
node 168 294.0059577644258 535.5830886768199 "national"
1
1
1
1
1
1
1
1
1
1
node 169 918.2085925139646 410.2252728668526 "need"
1
0
1
0
1
1
1
1
1
1
node 170 772.6298078733678 363.58154614094565 "neighbor"
1
1
1
1
1
1
1
1
1
1
node 171 627.4196719822421 167.83802380278595 "network"
1
1
1
1
1
1
1
1
1
1
node 172 269.4138171565334 593.4221128756407 "new"
1
1
1
1
1
1
1
1
1
1
node 173 1066.0044404552332 122.61941326412887 "newspaper"
1
1
1
1
1
1
1
1
1
1
node 174 578.9849731657229 445.7027643139002 "north"
1
1
1
1
1
1
1
1
1
1
node 175 721.4841350805016 233.20614423712905 "number"
1
1
1
1
1
1
1
1
1
1
node 176 774.7181648597495 443.93974371498547 "officer"
1
1
1
1
1
1
1
1
1
1
node 177 104.93092663054676 269.43921762978334 "operation"
1
1
1
1
1
1
1
1
1
1
node 178 262.9674547994082 199.5475889979193 "order"
1
1
1
1
1
1
1
1
1
1
node 179 259.87836472085536 222.8889914347753 "organization"
1
1
1
1
1
1
0
1
1
1
node 180 786.7497507929816 536.6344873464536 "pakistan"
1
1
1
1
1
1
1
1
1
1
node 181 37.597695587344575 53.07870394866849 "part"
1
1
1
1
1
1
1
1
1
1
node 182 172.19337347352246 561.4164087615409 "passenger"
1
1
1
1
1
1
1
1
1
1
node 183 474.65536857333626 71.37805146217057 "pennsylvania"
1
1
1
1
1
1
1
1
1
1
node 184 221.65904036720917 555.0770289582891 "pentagon"
1
1
1
1
1
1
1
1
1
1
node 185 176.29284570663305 372.9364298435719 "percent"
1
1
0
1
1
1
1
1
1
1
node 186 494.5992639495532 461.67354100056383 "person"
1
1
1
1
1
0
0
0
0
0
node 187 278.35972244969395 554.1744510832033 "phone"
1
1
1
1
1
1
1
1
1
1
node 188 30.942973396027444 454.21245964580623 "pilot"
1
1
1
1
1
1
1
1
1
1
node 189 81.28344324677767 499.25028273139765 "place"
1
1
1
1
1
1
1
1
1
1
node 190 362.0751682041877 392.2923414715337 "plane"
1
1
1
1
1
1
1
1
1
1
node 191 1071.8727891867295 483.56593791905027 "point"
1
1
1
1
1
1
1
1
1
1
node 192 421.32713676266394 333.73426629174764 "police"
1
1
1
1
1
1
1
1
1
1
node 193 272.62952195592436 225.77750867059407 "policy"
1
1
1
1
1
1
1
1
1
0
node 194 959.3010938833388 30.394046777677076 "position"
1
1
1
1
1
1
1
0
0
1
node 195 1183.6821942030545 21.92084041582858 "possible"
1
1
1
1
1
1
1
0
0
1
node 196 289.32385928500725 124.87382149954831 "powell"
1
1
1
1
1
1
1
1
1
1
node 197 759.4575295501887 116.16370632572519 "prayer"
1
1
1
1
1
1
1
1
1
1
node 198 884.8569483585204 570.1238868021678 "president"
1
1
1
1
1
1
1
1
1
1
node 199 140.7702640692478 402.3429899733941 "press"
1
1
1
1
1
1
1
1
1
1
node 200 23.786741876799383 217.94920226462176 "price"
1
1
0
0
1
1
1
0
0
1
node 201 243.13784590685964 408.84451471025835 "prime"
1
1
1
0
1
1
1
1
1
1
node 202 1074.1763799930018 365.20847123501636 "problem"
0
1
1
0
1
1
1
1
1
0
node 203 783.8172566750852 96.5311696110563 "protection"
0
1
0
1
1
1
1
0
0
0
node 204 142.2813957016951 108.01698949002446 "question"
1
0
1
1
1
1
1
1
1
1
node 205 413.3122877036299 495.3237345445098 "radio"
1
1
1
1
1
1
1
1
1
0
node 206 656.4148883759697 234.53800059951072 "real"
1
1
1
1
1
0
0
1
1
0
node 207 51.91434079090479 219.68688823926718 "reason"
0
1
1
0
0
1
1
0
0
0
node 208 1039.593264634146 85.97083679847964 "recent"
0
1
1
1
1
1
1
0
0
0
node 209 68.21662482180649 436.67175941131546 "recession"
1
1
1
1
1
1
1
1
1
1
node 210 429.80221603697106 133.117167343701 "record"
0
1
0
0
1
0
1
1
1
1
node 211 824.4817903909802 312.31431760430365 "rescue"
1
1
1
1
1
1
1
1
1
1
node 212 689.1925375544554 352.4306708534881 "response"
1
1
1
1
1
1
1
1
1
1
node 213 353.2433433790315 133.0878911434798 "retaliation"
1
1
1
1
1
1
1
0
0
1
node 214 952.5498024940232 240.72843598365642 "reuter"
1
1
1
1
1
1
1
1
1
0
node 215 20.587863763383286 588.7559629872351 "revenge"
1
1
0
1
1
1
1
0
0
1
node 216 1200.9763841793842 481.7659942467746 "robert"
0
1
1
1
1
0
1
0
0
1
node 217 224.19006255172332 311.3703843331331 "rubble"
1
1
1
1
1
1
1
1
1
1
node 218 58.88319207572643 470.6514739866691 "ruin"
0
1
1
1
1
1
1
1
1
1
node 219 968.3632274145317 492.3080254236014 "rumsfeld"
1
1
1
1
1
1
1
1
1
1
node 220 451.1092743269407 513.5973990339576 "rural"
1
1
1
1
1
1
1
1
1
1
node 221 304.13918464212446 45.13796874063405 "same"
1
1
1
1
1
0
1
0
0
1
node 222 1172.2699435401278 350.7825788433274 "saudi-born"
1
1
1
1
1
1
1
1
1
1
node 223 869.7067021293537 346.759039936138 "say"
1
1
1
1
1
1
1
1
1
1
node 224 312.2809903306109 299.11969492046416 "scene"
1
1
1
1
1
0
1
1
1
0
node 225 1115.4135243111323 72.64663637861976 "search"
1
1
1
1
1
1
1
1
1
1
node 226 350.41320301421416 179.49755562189955 "sec"
1
1
1
1
1
1
1
1
1
1
node 227 747.9774985317174 444.19564472896036 "secretary"
1
1
1
1
1
1
1
1
1
1
node 228 825.2034743439136 479.5906931243539 "seek"
1
1
1
1
1
1
1
1
1
1
node 229 730.5537106359951 327.0452319424681 "senate"
1
1
1
1
1
1
1
0
0
1
node 230 309.08147896355706 308.6022078486841 "service"
1
1
1
1
1
1
1
1
1
1
node 231 578.8690023876699 458.9191060686811 "set"
1
1
1
1
1
0
0
0
1
1
node 232 1214.6660178050563 224.32920638026562 "share"
1
1
1
1
1
1
1
1
1
1
node 233 948.7624897563046 43.9139686389002 "show"
1
1
1
1
0
1
0
1
1
1
node 234 1234.344696896957 355.7138557746313 "side"
1
1
1
1
1
1
1
1
1
1
node 235 117.15986372935805 427.31661026306375 "significant"
1
1
1
1
1
1
1
0
0
0
node 236 215.96970197193463 205.56606918268676 "site"
1
1
1
1
1
1
1
1
1
1
node 237 166.761302672208 560.9292695031902 "skyline"
1
1
1
0
1
1
1
1
1
0
node 238 1005.2869700701282 298.41780794343066 "source"
1
1
1
1
1
1
1
1
1
1
node 239 1244.537384849599 483.5306479493457 "spokesman"
1
1
1
1
1
1
1
1
1
1
node 240 990.0610717717598 237.4919577798308 "spokeswoman"
1
1
1
1
1
1
1
1
1
1
node 241 175.50421939214257 274.4988372096394 "staff"
1
1
1
1
1
0
1
1
1
1
node 242 261.7662849652018 152.54245493122448 "state"
1
1
1
1
1
1
1
1
1
1
node 243 476.1885048969047 290.77073009060234 "statement"
1
1
1
1
1
1
1
1
1
1
node 244 1218.1855514068534 356.8457201390056 "strike"
1
1
1
1
1
1
1
1
1
1
node 245 676.6950230891738 168.21077714887625 "struggle"
1
1
1
1
0
0
0
1
1
1
node 246 564.2916216291245 486.8967725923427 "suicide"
1
1
1
1
1
1
1
1
1
1
node 247 576.3540187335082 458.110765362632 "survivor"
1
1
1
1
1
1
1
1
1
1
node 248 529.3807422857291 472.38703562789306 "suspect"
1
1
1
1
1
1
1
1
1
1
node 249 625.5521622474375 77.94026997493881 "system"
1
1
1
0
1
1
1
1
1
1
node 250 455.5875865757937 176.81404226201963 "talk"
0
1
1
1
1
1
1
1
1
1
node 251 545.5408714381355 582.6161461047548 "target"
1
1
1
1
1
1
1
0
0
1
node 252 226.63010240777743 460.59700287391564 "team"
1
1
1
1
1
1
1
1
1
1
node 253 818.7673737709898 208.45790896834492 "telephone"
1
1
1
1
1
1
1
1
1
1
node 254 795.9171621540373 548.8453114999337 "term"
1
1
1
1
1
1
1
1
1
1
node 255 1054.588343067359 106.64408262337702 "terror"
1
1
1
1
1
1
1
1
1
1
node 256 589.9969894458336 334.95060518621057 "they"
1
1
1
1
1
1
1
1
1
1
node 257 1209.103132758179 366.3831134814871 "thousand"
1
1
1
1
1
1
1
1
1
1
node 258 1056.7323800027357 18.946711279567396 "threat"
1
1
1
1
1
1
1
0
0
1
node 259 213.28295574404757 530.1611033816137 "top"
1
1
1
1
1
1
1
1
1
0
node 260 97.55998575010277 266.1046385913431 "tower"
1
1
1
1
1
1
1
1
1
1
node 261 490.57403342191037 324.32654158757805 "trade"
1
1
1
1
1
1
1
1
1
1
node 262 1069.7238857109937 76.50402356712658 "train"
1
1
1
1
1
1
1
1
1
1
node 263 1123.71779661482 467.92133685974073 "try"
1
1
1
1
1
1
1
1
1
1
node 264 1217.4690311696636 380.3449669306618 "tuesday"
1
1
1
1
1
1
1
1
1
1
node 265 810.6576387011726 81.06521271282432 "twin"
1
1
1
1
1
1
1
1
1
1
node 266 540.8391557385364 416.53850343630734 "twist"
1
1
1
1
1
1
1
1
1
0
node 267 481.09134020210774 391.34943450524156 "united_airlines"
1
1
1
1
1
1
1
1
1
1
node 268 236.94338436050566 413.63672930356086 "use"
1
1
1
0
1
1
1
1
1
1
node 269 778.4802662600019 132.59414267364818 "victim"
1
1
1
1
1
1
1
1
1
1
node 270 201.3400822571357 172.43746142135862 "visit"
0
1
0
1
1
0
1
0
0
1
node 271 297.1411749827374 444.97178184965975 "voice"
1
1
1
1
1
1
1
1
1
1
node 272 156.5312830656737 48.62141347838418 "wake"
0
1
1
1
1
1
1
1
1
0
node 273 250.42251267442154 218.89810802131962 "way"
1
1
1
1
1
1
1
1
1
0
node 274 30.469845293084052 151.5536862506505 "wednesday"
1
1
1
1
1
1
1
1
1
1
node 275 133.90796917573388 77.23984379997431 "weekend"
1
0
0
1
1
1
1
1
1
1
node 276 990.4517745561573 311.9043982034969 "west"
1
1
1
1
1
1
1
1
1
0
node 277 687.0903653457816 561.2874717559206 "western"
1
1
1
1
1
1
1
1
1
1
node 278 296.79972263894115 526.0171108451837 "white_house"
1
1
1
1
1
1
1
1
1
1
node 279 48.024903619964114 575.5893045927569 "whole"
1
1
1
1
0
0
0
0
0
1
node 280 876.339024439708 558.9767931036378 "witness"
1
1
1
1
1
1
1
1
1
1
node 281 188.09680638652654 155.14166496026215 "word"
1
1
1
1
0
1
0
0
0
1
node 282 227.82606425101645 581.1027436097236 "work"
1
1
1
1
1
1
1
1
1
1
node 283 1008.2279346640029 345.57883500778144 "worker"
1
1
1
1
1
1
1
1
1
1
time 0
40 264
40 260
40 137
40 70
40 130
40 93
40 146
40 276
40 184
40 234
40 148
31 40
40 182
40 87
40 150
40 151
40 152
40 237
40 109
40 92
40 116
40 192
40 183
40 240
13 40
40 159
36 40
35 40
15 40
40 242
40 62
25 40
40 256
40 66
40 110
40 90
40 262
40 230
40 111
40 53
190 264
260 264
136 264
257 264
264 282
56 264
199 264
32 264
130 264
93 264
264 265
184 264
264 278
0 264
231 264
31 264
33 264
12 264
109 264
238 264
114 264
11 264
116 264
80 264
183 264
9 264
264 280
47 264
181 264
44 264
255 264
264 277
68 264
165 264
64 264
236 264
138 264
155 264
204 264
215 264
190 224
190 260
137 190
119 190
162 190
136 190
190 257
56 190
94 190
130 190
93 190
10 190
190 265
190 276
115 190
184 190
190 234
148 190
147 190
190 231
31 190
20 190
182 190
190 269
190 271
109 190
190 238
45 190
190 281
7 190
183 190
19 190
174 190
57 190
181 190
190 267
190 277
52 190
102 190
171 190
48 190
82 190
161 190
90 190
21 190
113 190
53 190
224 260
260 273
137 260
136 260
260 261
94 260
259 260
32 260
260 265
260 283
260 276
115 260
184 260
260 278
0 260
147 260
31 260
87 260
150 260
92 260
260 280
174 260
181 260
260 267
22 260
62 260
110 260
156 260
56 93
93 139
77 93
93 265
93 251
20 93
93 182
93 188
93 271
45 93
93 124
41 93
93 116
57 93
93 243
93 267
93 95
63 93
13 93
79 93
93 177
93 163
58 93
53 93
136 184
184 257
56 184
184 199
130 184
115 184
184 278
148 184
184 239
11 184
116 184
176 184
9 184
184 280
181 184
145 184
13 184
35 184
128 184
184 217
138 184
113 184
162 198
96 198
35 137
35 261
35 104
35 168
35 67
35 84
35 92
35 124
35 172
35 71
35 267
35 185
35 255
23 35
35 60
35 177
35 133
35 53
13 56
10 13
13 148
13 231
13 168
13 45
13 124
13 239
13 95
13 79
13 225
9 273
9 137
9 119
9 162
9 28
9 56
9 261
9 265
9 251
9 31
9 104
9 182
9 45
9 149
7 9
9 212
9 241
9 268
9 246
9 64
9 113
9 53
85 242
1 242
179 242
192 242
176 242
183 242
242 258
112 242
154 242
227 242
68 242
157 242
100 242
242 249
96 242
143 273
143 257
143 147
143 175
20 143
143 269
143 258
62 143
143 193
148 273
136 148
114 148
92 148
99 148
120 148
29 148
148 255
78 148
31 119
31 136
31 186
31 70
31 283
31 278
31 135
31 33
12 31
31 87
31 42
31 71
31 181
31 258
31 54
31 157
116 214
116 273
116 283
116 263
116 241
116 240
116 256
116 191
116 230
116 233
56 192
192 278
192 238
74 192
192 263
192 239
176 192
183 192
161 192
192 211
178 192
136 278
87 278
7 278
239 278
19 278
38 278
241 278
278 280
63 278
189 278
25 278
66 278
194 278
74 239
95 239
15 239
28 224
28 273
28 56
28 130
10 28
28 72
28 182
28 87
28 150
28 74
28 258
28 268
28 246
257 283
282 283
87 283
159 283
132 283
268 283
211 283
70 137
10 137
137 147
137 175
137 181
137 193
137 177
88 137
32 187
20 32
32 182
32 151
32 78
32 253
32 111
32 121
214 224
224 282
27 224
150 224
74 224
224 280
68 224
90 224
127 224
33 87
87 98
7 87
87 274
87 253
87 100
87 110
87 244
130 273
251 273
20 273
268 273
246 273
21 273
89 273
225 273
56 130
56 253
50 56
56 236
56 113
56 247
130 182
182 188
179 182
149 182
57 182
182 267
182 268
182 246
83 182
38 223
120 251
80 120
47 120
33 142
33 109
33 37
33 206
6 33
33 134
1 147
47 147
147 195
84 269
197 269
230 269
168 259
10 168
104 168
153 168
2 168
168 212
60 168
168 252
55 168
168 219
46 168
214 234
44 214
125 214
187 230
38 230
61 230
197 230
8 230
1 255
1 30
1 110
1 140
74 150
74 95
36 74
62 74
119 162
149 162
257 282
105 282
72 282
14 282
7 68
68 212
68 252
104 109
102 109
234 276
67 234
234 279
174 234
29 234
8 234
92 136
92 261
70 92
42 92
71 92
92 95
92 110
92 156
38 241
105 255
69 105
105 128
105 158
105 113
6 105
45 130
130 277
130 268
90 130
130 246
114 136
12 114
114 255
82 114
0 259
123 259
160 259
104 231
72 104
176 183
61 176
161 176
176 211
229 274
235 274
10 188
10 12
10 95
10 63
10 55
10 100
10 121
253 258
236 258
154 252
211 252
252 275
44 195
44 113
11 265
11 115
11 45
11 183
11 113
11 65
11 127
27 240
61 240
124 255
124 245
46 124
89 124
39 153
37 38
38 61
38 154
21 38
6 38
38 89
123 139
77 123
98 123
123 169
123 229
16 123
82 123
46 123
95 160
60 160
160 201
96 160
119 122
110 119
119 236
80 212
70 150
70 151
70 71
70 106
70 110
136 257
175 257
117 257
7 257
257 263
217 257
113 251
45 113
57 113
82 113
29 146
29 42
29 191
29 157
8 29
7 189
107 189
178 189
117 175
175 253
50 175
103 175
12 251
193 251
82 251
204 251
172 212
212 255
212 221
212 244
150 231
64 231
0 136
135 136
136 183
136 255
64 136
85 98
98 139
77 98
98 126
84 98
46 98
144 146
181 183
36 183
183 277
237 255
179 255
181 255
89 255
22 276
15 170
15 180
15 96
246 268
127 246
151 152
151 178
94 261
94 149
94 112
48 112
112 213
179 195
179 248
167 179
96 227
96 201
0 265
12 265
227 265
79 200
79 232
187 261
243 261
26 261
7 263
7 61
23 135
23 142
23 78
2 126
2 155
115 248
171 253
67 85
67 84
5 67
117 263
117 159
73 101
73 209
122 253
4 102
102 249
18 82
17 135
12 188
12 45
177 181
37 177
177 211
53 177
61 199
6 199
52 195
195 248
195 213
167 195
46 139
46 77
46 245
46 249
110 244
122 263
193 254
6 134
62 256
157 220
188 262
142 262
19 145
19 111
19 213
63 78
77 139
72 238
60 227
186 187
149 187
71 142
25 71
51 205
18 173
48 206
48 140
57 188
57 154
53 57
20 41
21 188
43 188
170 180
166 180
36 194
51 154
43 154
106 145
145 248
65 145
158 222
219 226
196 226
21 249
76 81
167 248
185 200
131 267
51 169
86 99
131 277
200 232
49 266
215 228
time 1
247 274
217 274
151 274
264 274
152 274
20 274
35 274
61 274
238 274
214 274
184 274
40 274
257 274
255 274
274 278
140 274
51 274
127 274
9 274
41 274
149 274
116 274
235 274
274 282
236 274
183 274
230 274
141 274
229 274
206 274
22 274
72 274
223 274
191 274
185 274
153 274
269 274
93 274
13 274
113 274
5 274
172 274
84 274
232 274
64 274
117 274
138 274
239 274
248 274
262 274
173 274
50 274
211 274
162 274
246 274
165 274
42 274
134 274
14 274
186 274
154 274
252 274
196 274
129 274
24 274
202 274
233 274
26 274
126 274
132 274
245 274
247 264
217 264
151 264
192 264
176 264
187 264
152 264
261 264
264 265
260 264
175 264
190 264
184 264
70 264
130 264
1 264
255 264
264 278
213 264
140 264
127 264
7 264
9 264
56 264
264 282
236 264
183 264
104 264
168 264
31 264
92 264
80 264
212 264
72 264
160 264
223 264
264 272
191 264
264 269
45 264
93 264
113 264
182 264
122 264
10 264
64 264
68 264
48 264
136 264
138 264
239 264
107 264
248 264
173 264
50 264
11 264
53 264
86 264
244 264
42 264
148 264
225 264
264 276
224 264
142 264
65 264
179 264
146 264
93 175
93 137
93 143
9 93
93 149
93 116
93 282
93 236
93 104
93 168
93 230
72 93
93 103
93 269
45 93
13 93
93 113
93 182
93 188
93 122
93 96
10 93
93 117
93 243
93 138
93 248
93 262
93 267
91 93
93 162
93 271
93 177
93 124
93 180
93 251
93 120
93 108
67 93
58 93
66 93
39 93
32 190
0 190
190 265
190 260
175 190
184 190
190 257
28 190
143 190
190 255
190 278
9 190
149 190
56 190
190 236
190 277
183 190
104 190
168 190
31 190
109 190
190 269
45 190
113 190
182 190
21 190
122 190
174 190
115 190
10 190
190 243
68 190
136 190
190 208
190 221
190 220
190 251
142 190
190 268
121 190
43 190
40 192
20 40
40 61
40 184
40 257
40 143
40 282
40 236
40 283
40 71
40 92
22 40
40 273
13 40
40 122
40 138
40 239
40 94
17 40
40 50
40 211
40 258
40 155
40 244
40 189
25 40
40 276
40 252
40 65
40 62
40 146
13 192
13 176
13 111
13 184
13 85
13 41
12 13
13 168
13 92
13 80
13 95
13 182
13 172
10 13
13 78
13 239
13 189
13 42
13 134
13 124
13 148
13 276
13 102
13 164
13 59
184 217
176 184
184 265
184 260
150 184
184 257
1 184
184 278
184 219
85 184
9 184
41 184
184 282
183 184
168 184
184 283
72 184
103 184
184 188
115 184
110 184
181 184
184 239
50 184
184 211
184 270
184 244
177 184
184 220
131 184
184 251
157 184
184 240
132 184
10 257
10 137
10 104
10 168
10 230
10 16
10 72
10 249
10 79
10 185
10 45
10 113
10 182
10 188
10 172
10 47
10 232
10 78
10 177
10 165
10 154
10 148
10 276
10 120
10 102
10 279
10 100
10 121
10 82
10 126
247 283
217 283
152 283
20 283
35 283
214 283
242 283
33 283
87 283
257 283
85 283
41 283
149 283
116 283
282 283
277 283
95 283
269 283
182 283
117 283
136 283
211 283
231 283
271 283
134 283
161 283
186 283
148 283
225 283
60 283
268 283
18 283
118 283
132 283
9 265
9 175
9 143
9 149
9 282
9 183
9 104
9 168
9 31
9 45
9 113
9 182
9 57
9 181
9 173
9 53
9 271
9 246
9 221
9 42
9 186
9 125
9 251
9 225
9 120
9 98
9 205
9 268
9 146
151 192
176 192
152 192
20 192
35 192
61 192
192 238
175 192
192 242
85 192
127 192
149 192
192 234
8 192
122 192
38 192
192 239
192 262
192 225
63 192
119 192
182 187
32 182
182 257
130 182
85 182
104 182
182 263
113 182
57 182
21 182
122 182
84 182
182 267
91 182
53 182
102 182
144 182
88 182
146 182
182 245
35 236
32 236
236 255
85 236
127 236
56 236
236 282
183 236
236 249
122 236
138 236
107 236
236 262
236 267
231 236
220 236
225 236
119 236
159 236
210 236
20 230
32 230
7 230
41 230
104 230
168 230
8 230
141 230
95 230
45 230
5 230
174 230
230 262
197 230
123 230
124 230
154 230
148 230
120 230
98 230
44 230
227 230
217 260
151 260
260 261
35 260
0 260
260 265
150 260
259 260
31 260
174 260
241 260
181 260
136 260
94 260
260 267
162 260
246 260
154 260
239 278
200 239
171 239
47 239
63 239
105 217
105 261
105 243
105 231
86 105
105 177
2 105
105 198
105 129
24 105
83 105
105 121
35 261
32 35
35 265
35 101
35 92
35 133
35 110
35 135
35 136
35 53
35 231
28 185
104 185
72 185
84 185
185 232
185 221
20 172
143 172
172 255
7 172
172 191
122 172
172 177
76 172
172 256
102 172
129 172
149 151
116 149
113 149
115 149
149 248
17 149
149 262
149 225
149 167
29 149
106 149
32 47
30 47
47 71
47 92
47 223
47 95
47 200
47 241
47 115
47 253
47 276
47 240
255 278
278 280
113 278
122 278
38 278
241 278
181 278
251 278
240 278
252 278
119 278
44 278
19 278
20 173
173 238
80 173
173 223
173 181
173 180
38 176
38 85
38 127
38 193
38 95
38 241
38 81
38 76
38 207
38 132
225 247
0 225
225 257
85 225
116 225
56 225
183 225
8 225
225 269
57 225
117 225
94 225
225 267
211 225
161 225
75 225
195 225
225 252
126 225
66 225
122 261
61 122
7 122
12 122
74 122
122 206
122 223
122 133
122 231
122 161
122 256
122 148
63 122
102 122
122 128
121 122
122 126
8 116
115 116
116 248
116 240
85 176
32 85
85 127
8 85
85 141
85 133
85 117
85 181
50 85
85 91
29 85
85 240
85 215
85 139
67 85
85 126
85 132
31 217
31 152
0 31
31 61
31 87
31 104
31 71
31 191
31 64
31 136
31 177
27 31
20 176
20 87
20 143
20 223
20 95
20 269
20 171
20 94
17 20
20 231
20 134
20 52
137 175
23 137
127 137
92 137
137 232
78 137
137 181
137 252
137 147
257 282
51 282
41 282
263 282
103 282
231 282
271 282
102 282
233 282
58 282
28 177
22 177
177 223
177 243
94 177
177 211
177 270
177 198
63 177
130 200
200 223
163 200
112 200
79 232
147 232
22 168
22 141
22 101
22 92
16 22
22 36
22 249
22 79
17 22
22 124
22 154
22 276
22 240
22 100
175 247
152 175
175 238
175 257
143 175
175 219
17 175
91 175
175 211
118 175
168 217
104 168
153 168
45 168
168 181
136 168
124 168
154 168
168 252
129 168
145 168
67 168
26 168
176 217
176 238
176 242
176 259
138 176
176 211
113 127
56 113
45 113
113 188
48 113
113 136
113 248
11 113
53 113
113 271
113 246
113 131
113 251
113 252
108 113
217 269
111 269
255 269
234 269
84 269
76 269
215 269
145 269
152 257
143 257
1 257
255 257
257 263
117 257
244 257
27 257
142 257
241 261
95 241
143 217
103 143
143 273
27 143
143 256
143 147
28 74
28 258
28 246
28 161
28 179
32 187
32 127
32 249
32 50
32 189
32 253
32 251
94 261
0 94
94 265
94 259
92 94
94 174
217 247
151 217
0 217
72 217
136 217
25 217
161 217
27 217
186 217
217 252
121 217
187 261
163 261
99 261
243 261
244 261
148 261
26 261
70 92
92 255
16 92
79 92
92 110
48 92
92 100
62 92
59 92
7 87
7 259
7 203
7 109
7 133
7 123
7 180
7 139
7 77
16 80
16 206
16 223
16 174
16 147
151 223
223 238
95 223
191 223
188 223
199 223
223 240
126 223
115 214
214 224
148 152
148 191
148 171
147 148
120 161
133 240
171 240
202 240
56 187
56 130
56 183
12 56
45 56
56 267
50 56
11 56
56 253
56 157
56 224
8 71
247 273
21 273
114 273
221 273
195 273
196 273
151 154
154 242
51 154
154 249
97 154
84 154
2 154
154 252
154 228
140 141
141 209
141 153
117 141
121 141
66 141
247 252
8 252
212 252
188 252
211 252
1 255
1 234
1 178
1 2
126 150
126 255
72 126
67 216
45 249
99 249
249 262
165 249
98 249
129 249
58 249
151 152
70 151
151 237
151 191
96 151
115 151
91 151
151 211
151 197
45 130
112 130
130 251
130 167
211 247
187 211
152 211
61 211
211 219
41 211
211 270
152 191
127 191
138 191
34 191
179 191
127 140
140 153
133 140
140 189
33 86
86 181
86 195
178 189
138 189
107 189
189 253
131 189
181 259
181 244
27 181
66 181
73 101
101 209
78 101
101 135
101 196
87 193
95 193
153 193
142 193
70 255
237 255
255 272
64 255
248 255
2 255
224 280
68 224
157 224
98 224
65 224
242 281
33 242
183 242
53 242
242 276
18 242
238 243
243 267
155 243
208 243
198 243
196 243
70 276
234 276
17 276
109 259
139 259
77 259
127 247
87 127
84 127
127 138
11 127
125 127
36 212
195 212
205 212
82 212
80 256
84 256
145 256
164 246
164 208
123 150
123 229
95 123
123 180
123 139
18 123
8 87
8 96
8 115
146 254
84 97
84 161
165 250
109 139
77 109
12 45
45 104
11 45
45 131
5 112
112 207
95 160
153 160
160 201
50 221
50 52
50 55
186 187
102 187
187 268
51 87
87 96
87 231
87 139
77 87
97 115
115 121
115 210
64 80
80 231
80 208
174 188
25 237
25 218
25 65
117 268
2 268
51 231
51 271
198 281
96 198
100 198
196 226
125 196
34 196
150 251
76 251
6 251
195 251
139 178
2 139
77 139
72 244
24 72
72 82
72 233
150 265
104 150
63 150
49 150
0 265
237 265
74 265
136 265
11 265
131 265
36 153
26 153
17 248
17 89
17 134
17 52
17 90
183 277
104 183
11 183
183 220
18 183
117 161
60 161
161 228
64 163
163 244
41 244
64 244
244 246
179 244
171 233
207 221
103 271
188 271
52 271
58 271
89 247
27 247
195 247
68 82
188 262
98 133
53 98
65 98
98 108
88 98
58 103
33 70
70 234
125 253
2 213
2 77
188 281
57 188
21 188
91 188
15 59
59 266
238 248
158 248
145 248
121 258
0 136
136 234
11 136
6 33
33 102
33 205
53 233
134 277
30 74
53 89
155 180
15 180
166 180
170 180
29 157
207 215
23 107
107 277
107 178
48 107
107 159
61 238
238 277
11 186
52 186
43 186
179 222
195 213
178 195
11 57
11 88
60 114
121 270
121 128
145 222
234 279
62 270
60 117
14 60
73 209
15 102
165 194
158 222
36 79
14 15
91 162
117 159
147 279
41 89
103 245
76 81
76 167
15 170
166 170
52 135
69 81
81 222
219 226
49 266
69 222
15 166
time 2
127 190
113 190
20 190
93 190
190 192
17 190
45 190
184 190
174 190
182 190
187 190
135 190
190 220
183 190
53 190
190 278
137 190
190 265
190 260
190 264
190 245
121 190
190 268
190 251
64 190
190 256
56 190
43 190
190 191
190 271
109 190
189 190
190 235
142 190
190 277
119 190
178 190
190 221
157 190
58 190
190 280
65 190
127 264
173 264
9 264
113 264
93 264
192 264
184 264
104 264
257 264
182 264
122 264
264 267
264 274
255 264
260 264
0 264
11 264
261 264
126 264
249 264
99 264
64 264
171 264
246 264
177 264
235 264
131 264
244 264
181 264
112 264
241 264
94 264
264 272
12 264
22 168
22 195
22 209
22 154
22 135
22 101
22 212
22 36
22 261
22 249
22 79
22 78
22 177
22 238
22 189
22 142
22 38
22 148
22 68
22 26
22 153
22 169
35 261
92 261
135 261
122 261
261 274
146 261
249 261
95 261
78 261
177 261
47 261
163 261
26 261
231 261
46 261
94 261
20 92
40 92
35 92
92 230
34 92
92 146
92 156
92 101
92 212
92 255
92 155
92 249
92 96
92 171
82 92
92 142
38 92
70 92
92 119
80 92
42 92
71 92
92 176
65 92
92 110
40 192
13 40
40 184
40 257
40 151
40 152
27 40
40 274
40 146
40 118
40 218
40 265
40 260
40 52
40 96
40 167
40 244
31 40
40 70
40 148
40 157
40 176
9 93
93 113
93 149
13 93
10 93
93 168
93 104
93 230
93 182
93 135
93 220
93 183
93 267
93 126
93 121
93 262
43 93
93 271
93 189
93 142
93 148
93 234
93 157
58 93
192 223
20 192
8 192
149 192
192 248
13 192
84 192
183 192
192 274
192 242
192 240
100 192
192 239
192 241
148 192
66 192
113 127
1 113
28 113
9 113
85 113
113 248
45 113
113 252
113 188
113 168
113 182
113 122
113 183
103 113
53 113
11 113
113 245
63 113
113 114
113 251
113 233
113 235
113 131
113 167
113 175
47 168
47 230
47 136
47 137
47 108
47 236
47 175
223 274
183 274
211 274
217 274
72 274
243 274
78 274
233 274
239 274
42 274
206 274
85 149
17 149
149 248
13 149
29 149
35 149
149 260
149 253
9 182
130 182
182 257
84 182
154 182
34 182
182 183
182 267
137 182
11 182
182 245
182 268
79 182
102 182
57 182
182 283
28 184
85 184
183 184
103 184
101 184
60 184
137 184
184 217
184 265
184 260
11 184
56 184
131 184
184 283
115 184
184 239
184 234
184 231
184 221
73 101
101 209
101 249
101 171
101 109
101 119
101 202
86 101
10 239
151 239
239 278
214 239
126 239
95 239
100 239
32 35
35 88
35 148
35 46
9 28
9 248
9 13
9 45
9 84
9 154
9 220
9 136
9 41
9 57
9 191
9 131
17 168
168 188
10 168
104 168
168 230
168 197
168 196
6 168
36 168
96 168
26 168
85 230
67 230
20 230
10 230
104 230
122 230
230 249
177 230
38 143
38 273
37 38
38 176
13 20
10 13
13 79
13 283
13 148
13 138
19 171
158 171
117 171
148 171
83 171
107 171
171 207
2 73
73 124
73 78
73 233
26 73
10 104
10 152
10 214
10 120
10 241
87 127
127 225
127 183
127 217
11 127
127 205
56 127
127 224
127 179
99 249
249 281
95 249
238 249
202 249
86 249
116 177
135 177
137 177
141 177
177 246
177 208
48 177
85 122
87 122
122 154
122 135
122 278
122 126
122 161
122 162
122 206
28 74
28 258
28 195
28 246
28 253
28 66
253 258
32 253
151 253
152 253
196 253
214 253
253 283
198 253
104 143
103 143
143 273
143 283
143 147
82 124
82 260
54 82
19 82
82 119
60 283
211 283
218 283
217 283
41 283
247 283
117 283
132 283
27 257
27 217
27 238
27 49
27 266
27 181
27 178
27 279
15 180
81 180
166 180
153 180
180 228
20 223
8 223
223 245
223 243
15 223
54 223
126 223
223 262
189 223
119 223
124 255
111 124
124 244
5 124
119 124
124 202
46 124
20 85
20 248
20 218
2 105
105 154
105 186
105 181
16 105
83 105
51 105
174 260
257 260
136 260
217 260
260 265
0 260
11 260
247 260
94 260
110 260
31 135
31 217
0 31
11 31
31 229
31 96
31 86
87 126
126 150
126 238
56 126
126 131
183 220
88 183
183 242
56 183
181 183
183 277
18 183
95 227
95 160
95 193
95 259
17 248
17 257
17 242
17 134
17 50
17 145
17 107
34 181
64 181
178 181
227 242
107 242
18 242
1 255
212 255
226 255
211 255
244 255
117 255
179 255
80 255
86 255
255 272
212 258
212 278
5 212
163 212
146 156
119 146
146 254
146 198
91 187
32 187
187 196
187 214
125 187
162 187
169 187
87 139
139 238
77 139
139 259
139 176
8 125
125 214
121 125
125 280
32 257
141 257
142 257
257 266
178 257
173 238
30 173
148 173
67 85
67 216
67 87
7 67
53 256
161 256
16 155
94 174
243 278
19 278
251 278
250 278
211 258
211 252
211 225
211 218
211 281
211 282
57 211
211 224
211 236
36 148
217 252
151 217
217 265
0 217
150 217
161 217
75 174
0 174
174 234
84 154
84 269
80 172
4 80
60 227
60 161
123 238
87 238
214 238
79 238
77 238
137 147
85 216
8 85
85 252
29 85
50 85
85 240
3 85
135 248
32 135
58 135
151 224
98 224
56 224
25 224
52 161
161 167
161 186
70 161
161 259
97 161
196 198
189 245
153 189
195 258
213 258
63 258
258 268
132 258
7 123
7 87
7 199
7 109
7 107
112 130
54 112
112 175
112 241
234 276
151 152
116 282
103 282
218 282
158 282
58 282
118 188
96 188
188 262
118 121
57 118
118 186
196 248
195 196
196 226
63 196
167 222
121 167
167 268
158 167
154 209
26 209
86 209
11 251
235 251
109 123
36 79
48 79
79 153
79 169
103 245
103 175
25 103
8 87
77 87
87 100
32 91
32 88
32 219
8 225
8 263
56 245
50 56
56 236
56 162
56 157
231 236
172 247
151 237
252 281
54 130
11 57
21 57
57 247
57 68
154 252
26 154
51 154
116 225
11 45
11 265
11 246
62 147
176 259
195 213
150 195
195 244
201 248
131 248
179 248
162 194
1 2
2 108
77 123
123 232
74 243
15 243
142 156
150 244
45 130
90 130
130 268
42 130
153 169
153 221
136 265
247 265
104 262
104 235
121 145
81 222
69 81
131 157
0 265
62 265
83 179
175 235
175 241
68 175
36 78
36 160
89 90
42 70
64 267
218 266
133 240
43 271
179 226
179 235
186 204
34 37
49 266
52 226
219 226
88 98
131 220
131 267
164 208
69 222
50 222
158 222
46 170
65 70
70 110
163 214
58 214
117 159
88 220
63 150
220 277
58 271
78 205
5 52
6 33
69 106
time 3
13 264
13 20
13 85
13 192
13 149
13 124
13 188
13 93
13 182
13 148
13 283
13 45
10 13
9 13
13 113
13 204
13 240
8 13
13 193
13 164
13 121
192 274
192 234
87 192
20 192
85 192
149 192
93 192
176 192
192 283
192 239
61 192
74 192
158 192
123 192
144 192
93 264
93 184
93 183
64 93
93 124
93 182
93 148
93 122
84 93
45 93
93 255
93 267
53 93
93 194
57 93
93 113
93 262
93 95
58 93
93 271
93 177
93 133
43 93
161 264
257 264
190 264
260 264
184 264
220 264
183 264
264 265
264 269
64 264
0 264
213 264
255 264
11 264
136 264
113 264
130 264
212 264
215 264
264 272
85 190
67 85
20 85
85 188
3 85
85 173
50 85
85 239
32 85
85 127
10 85
85 88
85 113
85 126
85 243
85 204
85 216
85 240
8 85
85 139
85 238
85 132
85 232
85 167
85 121
35 190
190 260
184 190
190 220
183 190
190 265
20 190
182 190
115 190
174 190
45 190
10 190
190 255
136 190
53 190
113 190
21 190
56 190
190 246
185 190
190 221
190 248
190 277
180 274
34 180
175 180
124 180
42 180
180 239
180 242
18 180
9 180
170 180
15 180
29 180
111 180
134 180
180 241
73 180
168 184
184 260
183 184
181 184
131 184
184 223
184 273
11 184
184 278
184 191
132 184
164 184
142 184
99 184
184 231
35 40
40 260
40 152
40 176
28 40
40 148
40 244
40 137
40 191
40 204
257 260
35 260
211 260
260 265
175 260
149 260
260 261
174 260
110 260
260 283
0 260
94 260
136 260
139 260
19 260
260 266
231 260
113 168
113 257
113 265
113 188
113 182
113 122
45 113
113 267
88 113
53 113
113 246
113 179
113 235
113 248
103 113
113 167
172 195
195 213
195 203
8 195
101 195
86 195
195 209
257 283
211 283
223 283
273 283
143 283
84 283
89 283
67 278
149 278
227 278
110 278
243 278
251 278
41 278
199 278
54 223
223 229
117 172
172 269
172 258
172 247
38 172
15 172
76 172
2 20
2 105
2 51
2 134
2 99
182 183
146 182
94 182
45 182
57 182
65 182
130 182
182 263
8 182
182 245
197 269
257 269
27 269
230 269
247 269
18 269
255 269
23 269
32 257
32 187
32 213
32 228
32 253
7 10
10 124
10 250
10 163
10 273
10 137
10 104
10 214
10 203
10 135
10 57
10 139
47 239
37 239
225 257
161 257
217 257
117 257
211 257
234 257
257 258
157 257
255 257
142 257
185 244
185 222
185 204
185 212
185 251
185 232
161 217
35 217
27 217
151 217
175 217
176 217
157 217
96 217
150 217
217 266
31 181
31 143
31 135
31 99
38 273
38 242
18 38
38 241
168 197
149 168
168 230
26 168
51 242
1 51
67 87
7 67
61 67
67 123
67 216
46 67
17 105
105 154
83 105
8 117
8 230
8 141
20 176
20 45
35 122
122 154
122 186
122 243
122 246
114 122
122 167
229 259
21 229
109 229
95 229
123 229
35 265
35 261
35 170
35 46
35 101
188 243
243 258
170 243
179 243
211 224
183 220
117 183
11 183
88 183
183 236
130 183
56 183
183 277
118 188
188 282
45 188
11 188
188 246
188 262
143 147
143 273
96 198
107 198
114 198
130 203
90 203
50 179
179 186
179 222
158 179
139 179
77 179
83 179
17 242
9 242
107 242
45 124
45 131
45 47
11 45
45 130
45 206
92 265
261 265
25 265
0 265
156 265
11 265
136 265
130 265
56 265
19 265
265 266
151 224
224 250
25 224
7 225
225 256
138 225
225 247
127 225
57 225
158 225
213 244
204 244
212 244
244 251
152 181
34 181
27 181
137 181
130 181
181 252
47 176
47 261
47 259
47 130
47 95
47 241
47 178
47 119
28 87
28 258
28 102
28 155
9 256
9 136
9 53
64 255
1 255
171 255
101 255
86 255
65 236
62 236
56 236
155 236
140 273
135 140
1 124
99 124
117 161
161 175
161 256
161 281
161 259
97 161
250 275
118 282
118 186
118 171
0 266
49 266
18 153
218 273
263 273
21 273
177 273
254 273
3 146
146 261
42 146
131 149
130 149
37 149
234 263
234 276
138 274
138 256
103 132
68 282
263 282
11 154
11 277
94 174
84 154
57 154
126 154
130 261
104 130
90 130
151 152
65 152
197 230
25 261
163 261
171 261
82 92
64 92
70 92
92 110
92 156
92 101
16 92
95 196
95 241
95 160
17 107
17 83
176 259
117 274
214 274
72 274
48 148
7 87
87 96
61 87
87 240
87 139
77 87
87 238
7 259
7 109
7 123
7 139
7 77
7 277
27 279
27 218
126 238
126 141
126 167
33 134
141 173
148 218
148 177
117 125
114 208
64 70
5 212
41 212
83 171
86 171
50 166
50 221
21 108
109 259
139 259
77 259
79 164
175 241
18 42
79 232
213 228
213 251
70 110
70 163
70 101
86 89
86 134
86 101
86 209
147 175
68 175
175 235
218 247
89 247
115 206
99 186
1 99
59 99
127 135
127 280
127 133
83 102
83 222
107 258
204 251
121 204
69 222
158 222
222 248
81 222
167 248
121 167
196 263
101 263
57 104
43 57
62 270
6 270
29 270
139 238
77 238
53 256
53 194
125 233
44 228
34 280
109 123
123 216
60 123
123 277
133 240
5 194
56 194
6 134
84 97
60 227
121 144
14 101
24 101
101 209
68 157
199 227
109 139
77 139
43 267
43 271
246 248
56 109
77 109
189 221
267 271
196 226
98 196
219 226
59 219
36 55
42 72
63 120
205 214
69 81
58 271
time 4
20 192
192 205
149 192
192 248
79 192
85 192
13 192
176 192
192 239
61 192
40 192
121 192
7 192
192 211
144 192
192 234
32 192
192 252
85 116
85 149
85 248
85 190
85 240
85 182
56 85
8 85
85 188
50 85
85 113
85 224
10 85
13 85
85 176
85 243
85 239
85 167
85 126
85 121
85 109
85 88
85 123
85 127
32 85
85 204
67 85
85 216
85 132
149 264
64 264
246 264
190 264
255 264
11 264
136 264
56 264
264 269
113 264
260 264
131 264
184 264
224 264
264 272
257 264
161 264
183 264
33 264
212 264
264 265
264 277
100 264
84 264
264 274
244 264
80 264
144 264
215 264
37 264
45 264
184 268
99 184
184 190
11 184
93 184
50 184
113 184
184 260
131 184
183 184
184 191
184 239
184 277
117 184
142 184
181 184
184 223
184 283
184 217
184 273
184 253
88 184
184 231
115 184
164 184
132 184
20 40
40 154
40 191
40 152
40 137
40 148
31 40
13 268
13 193
13 124
13 182
13 93
8 13
10 13
9 13
13 102
13 121
13 283
13 23
13 45
13 204
268 283
95 283
124 283
92 283
84 283
211 283
111 283
273 283
143 283
89 283
261 283
185 283
35 283
205 242
171 242
170 242
112 242
21 242
151 242
242 277
145 242
100 242
17 242
96 242
36 242
227 242
107 242
234 242
31 242
113 168
113 179
113 248
113 246
113 190
113 122
113 182
11 113
113 267
93 113
56 113
113 188
28 113
113 260
10 113
113 257
113 243
113 265
113 167
113 138
62 113
88 113
113 130
45 113
113 133
53 113
10 182
10 93
10 147
7 10
10 137
10 129
10 185
10 139
10 115
10 200
185 222
185 190
93 185
185 212
118 185
185 251
185 244
172 185
185 204
185 221
185 200
185 232
93 174
93 122
57 93
43 93
93 271
93 267
56 93
93 154
93 120
93 183
9 93
93 96
93 194
93 177
45 93
58 93
93 133
53 93
120 198
114 198
198 212
198 270
96 198
107 198
198 221
168 258
26 168
168 230
168 197
168 196
153 168
38 168
168 210
180 258
2 180
180 205
34 180
173 180
180 181
180 196
96 180
29 180
23 180
88 180
180 214
15 180
175 180
48 180
122 258
122 186
122 246
122 183
114 122
122 243
122 167
122 126
122 223
122 217
52 122
103 122
122 127
122 139
64 190
190 246
182 190
56 190
188 190
190 220
190 260
190 224
4 190
119 190
183 190
190 243
190 277
45 190
115 190
190 221
124 268
1 124
124 179
99 124
7 124
124 153
124 273
124 139
64 92
92 147
92 257
92 265
70 92
92 202
16 92
92 148
92 156
174 260
136 260
56 260
260 265
211 260
62 260
0 260
135 260
218 260
260 261
231 260
260 266
35 260
19 260
2 195
186 195
171 195
145 195
195 273
86 195
101 195
195 209
21 111
84 111
68 111
111 244
47 111
149 248
149 262
17 149
149 274
127 149
83 172
41 172
172 269
105 172
87 172
117 172
172 273
143 172
76 172
38 172
54 172
8 182
8 230
8 117
8 126
8 181
7 8
8 141
8 150
153 179
79 153
153 259
44 153
153 160
153 196
137 153
83 248
243 248
167 248
163 249
249 275
60 249
67 249
21 273
212 273
143 273
238 273
254 273
218 273
177 273
240 278
41 278
212 278
243 278
239 278
251 278
227 278
38 278
110 278
199 278
167 251
126 167
121 167
127 167
11 181
27 181
118 181
126 181
84 181
31 181
150 181
181 252
230 269
27 269
87 269
247 269
23 269
18 269
7 225
7 259
7 87
7 109
6 7
7 52
7 139
7 77
143 147
81 143
106 143
31 143
132 143
143 256
83 105
105 158
105 140
182 230
56 230
197 230
187 230
38 61
38 60
38 241
18 38
244 268
244 255
212 244
244 251
84 244
204 244
1 87
20 87
28 87
87 239
61 87
87 126
87 173
87 211
87 96
5 87
87 127
87 139
31 87
77 87
50 126
126 141
126 280
126 150
182 183
11 183
56 183
183 236
183 188
183 220
183 277
88 183
183 194
130 183
63 120
104 120
17 120
80 120
120 148
120 204
2 51
1 2
2 20
2 99
2 196
23 137
23 148
23 214
23 103
11 182
57 182
131 182
117 182
146 182
130 182
45 182
65 182
41 212
5 212
212 252
1 255
171 255
64 255
34 255
255 272
201 255
86 255
213 255
101 255
225 257
136 257
257 282
157 257
154 257
161 257
257 275
117 257
142 257
84 257
211 257
217 257
234 257
32 257
157 217
27 217
217 266
141 173
104 282
178 282
140 282
203 282
275 282
118 282
235 282
263 282
148 177
148 204
47 148
1 51
1 99
57 211
177 211
211 252
21 229
21 108
95 239
239 247
37 239
5 239
20 223
223 229
161 186
154 161
117 161
142 161
84 161
161 253
161 175
58 161
161 256
95 193
95 205
95 160
95 196
95 139
154 229
140 229
229 259
123 229
146 163
3 146
35 146
11 188
43 188
131 188
45 188
20 176
17 20
20 29
20 45
51 154
57 154
84 154
80 144
179 243
69 243
70 243
138 243
84 243
37 243
31 99
31 136
74 116
74 134
136 265
56 265
62 265
0 265
218 265
261 265
130 265
265 266
156 265
35 265
19 265
78 205
205 271
205 252
6 29
6 159
160 201
30 201
68 236
176 259
61 176
90 176
47 176
60 160
60 227
16 60
60 238
60 123
60 219
83 179
83 171
83 222
83 262
28 83
83 102
3 83
24 83
11 268
11 186
11 56
11 277
11 130
11 45
11 115
47 225
47 178
47 119
47 259
47 130
45 47
225 240
57 225
27 225
3 225
25 225
84 222
84 158
84 109
79 160
160 174
30 160
196 226
76 196
196 263
28 262
262 274
133 262
175 252
28 102
102 197
41 112
112 200
54 112
29 157
29 129
29 42
29 177
89 247
86 89
28 246
28 202
42 96
64 70
70 163
70 101
82 268
117 142
117 274
117 159
117 125
45 131
45 202
45 130
12 45
34 163
163 202
163 261
43 57
57 104
114 147
65 147
141 240
133 240
25 218
71 218
218 237
9 267
9 58
56 236
220 236
157 236
104 130
130 203
90 130
130 261
50 179
50 220
50 199
50 221
27 118
179 186
179 222
179 246
139 179
77 179
69 222
158 222
81 222
135 222
137 234
234 263
234 276
175 187
78 171
86 171
24 171
123 202
103 123
123 177
77 123
65 152
27 247
79 164
79 232
99 186
186 280
109 259
109 139
77 109
138 274
34 280
5 259
139 259
77 259
67 216
46 67
151 275
250 275
103 177
35 101
35 261
35 58
35 46
204 251
121 204
151 152
116 258
27 152
32 213
32 133
43 271
267 271
206 271
58 271
119 202
103 104
104 169
25 261
86 101
24 101
14 101
101 263
101 209
81 145
145 277
100 145
0 266
49 266
56 224
90 203
56 131
213 251
43 267
43 189
64 246
64 215
162 197
90 215
103 132
127 133
59 99
76 189
17 107
121 144
15 165
56 220
127 135
127 280
86 134
86 209
52 129
53 194
0 136
199 227
132 256
213 228
220 277
100 277
33 134
88 200
77 139
44 107
115 206
158 170
114 208
164 208
219 226
69 81
15 166
time 5
168 180
173 180
180 190
23 180
29 180
180 252
170 180
116 180
180 198
165 180
180 243
63 180
98 230
230 258
182 230
8 230
230 283
92 230
85 230
185 230
190 246
184 190
113 190
188 190
190 257
190 264
182 190
45 190
190 265
190 278
59 190
53 190
10 190
136 190
88 190
31 190
115 190
190 220
190 277
190 281
185 190
56 190
190 202
178 190
162 190
190 267
40 184
40 257
40 157
6 40
33 40
40 84
40 55
40 68
38 40
40 237
40 109
40 277
40 242
20 184
11 184
184 264
96 184
142 184
51 184
184 259
184 260
157 184
184 234
184 278
184 239
184 196
184 198
13 184
93 184
115 184
161 184
70 184
95 105
105 168
82 105
105 214
105 282
105 222
69 105
92 105
105 261
10 105
105 158
58 105
105 242
83 105
105 154
255 264
246 264
113 264
11 264
149 264
44 264
264 282
264 265
260 264
130 264
9 264
264 278
2 264
119 264
201 264
264 269
68 264
175 264
242 264
161 264
194 264
178 264
10 188
10 148
10 86
10 153
10 242
10 154
10 132
10 16
10 78
185 204
185 212
9 185
185 251
185 244
185 256
185 213
132 185
26 185
95 160
95 168
95 173
30 95
95 227
95 229
8 95
95 179
95 176
95 194
95 250
96 198
198 268
38 198
178 198
161 265
161 260
117 161
84 161
161 167
161 175
161 197
168 246
129 168
7 168
123 168
168 249
59 168
13 168
93 168
214 239
148 239
239 259
239 278
18 239
163 181
163 249
163 261
116 163
153 163
163 232
163 200
120 140
96 120
7 120
32 120
120 260
120 145
120 165
120 187
18 120
188 249
60 249
249 261
249 253
9 98
9 182
9 45
9 265
9 260
9 90
9 278
0 9
9 13
9 93
9 110
9 58
9 202
45 93
93 265
93 119
27 93
93 271
58 93
93 267
149 204
149 188
149 238
85 149
149 192
149 262
145 149
28 149
51 181
123 181
148 181
181 217
27 181
124 148
75 124
124 171
13 124
124 139
109 124
47 124
46 124
89 124
177 282
123 177
177 219
177 211
35 177
177 225
110 177
259 260
260 265
211 260
217 260
104 260
0 260
136 260
260 266
175 260
174 260
94 260
29 257
29 234
6 29
29 146
5 282
85 282
139 282
133 282
176 282
85 204
85 248
85 87
85 113
8 85
85 122
85 167
85 133
85 109
6 33
33 134
33 92
33 110
33 174
255 258
28 258
253 258
13 238
13 148
259 283
211 283
217 283
104 283
5 87
5 98
5 59
5 222
5 196
5 97
1 5
5 243
5 19
5 89
5 228
5 132
92 214
35 92
92 156
28 92
92 110
58 92
92 147
70 92
192 238
189 192
51 278
212 278
275 278
137 278
227 242
8 242
111 242
170 242
116 242
154 242
8 87
8 172
8 32
8 139
3 8
113 248
113 188
11 113
113 182
45 113
113 234
53 113
113 131
113 167
113 133
25 113
56 113
113 267
173 188
2 173
141 173
179 246
123 179
148 179
179 201
179 196
165 179
42 179
50 179
179 235
59 143
143 256
143 147
248 253
214 253
30 253
35 110
116 214
116 227
32 116
248 255
101 255
24 255
72 255
37 255
244 255
167 255
64 255
215 255
51 154
154 219
27 154
84 154
97 154
154 167
154 189
154 194
12 154
57 154
30 160
60 160
122 160
160 201
55 109
109 197
200 232
11 188
182 188
60 188
2 188
188 262
137 188
238 248
148 248
201 248
153 248
128 248
83 248
20 123
123 169
7 123
122 123
123 139
77 123
123 150
123 232
46 123
108 123
204 244
195 244
244 251
215 244
17 107
74 107
107 256
14 107
122 223
122 135
34 122
153 214
55 153
153 189
153 199
125 153
6 205
6 199
6 197
172 214
139 172
34 193
60 193
193 219
193 212
193 207
108 193
26 193
30 227
30 201
11 182
45 182
130 182
182 183
137 182
60 227
60 259
60 219
26 60
27 34
27 118
27 152
12 27
27 57
223 243
214 243
47 74
47 148
47 115
130 212
195 212
41 212
86 212
11 234
226 234
234 276
98 176
34 176
88 176
80 176
139 240
133 240
32 158
32 187
204 251
90 251
213 251
150 251
211 225
225 247
138 225
225 256
25 225
87 126
17 126
126 280
126 158
28 126
126 133
126 137
51 238
238 273
139 238
77 238
2 21
2 51
2 90
2 195
2 273
2 228
174 259
94 174
214 261
58 214
7 42
138 256
80 138
125 138
45 130
130 265
90 130
130 183
42 130
130 220
130 137
46 108
117 257
117 159
195 209
145 195
48 195
20 80
115 148
78 148
82 96
96 227
90 96
96 268
68 269
3 269
197 269
28 246
28 268
246 268
104 268
268 281
23 157
23 213
51 133
133 262
165 203
165 166
11 45
11 265
11 183
11 53
11 41
11 86
11 220
87 139
34 139
77 139
68 236
68 119
68 191
68 194
196 226
196 207
34 169
34 191
70 110
24 146
146 261
48 146
89 146
81 222
171 222
69 222
158 222
194 222
233 262
217 265
0 265
136 265
25 265
175 265
56 265
98 119
81 158
145 158
42 145
83 145
62 74
219 259
94 259
24 204
97 273
75 171
171 201
137 261
59 111
45 59
59 166
84 247
84 127
84 97
84 167
103 132
1 51
1 208
17 69
17 256
50 199
217 236
217 252
217 266
69 194
25 236
25 65
82 140
90 203
233 250
144 256
42 191
119 147
54 147
205 271
73 101
73 119
73 209
89 129
16 254
104 211
219 226
3 83
151 152
151 274
103 263
24 76
46 64
45 111
88 111
83 111
31 135
64 175
64 272
77 87
119 236
26 219
12 57
129 169
88 183
183 277
220 277
54 112
50 63
189 274
140 164
140 150
183 220
31 115
218 274
218 237
69 81
37 72
time 6
201 264
160 264
161 264
264 270
214 264
55 264
172 264
200 264
184 264
173 264
134 264
113 264
144 264
261 264
181 264
198 264
105 264
192 264
96 264
212 264
238 264
264 278
125 264
12 264
236 264
86 264
78 264
219 264
85 163
50 85
85 182
85 113
85 225
85 141
85 149
85 122
85 126
85 192
85 167
44 85
85 154
85 121
7 85
85 248
85 187
85 251
67 85
85 238
85 275
85 114
12 85
163 168
163 230
163 269
163 255
33 163
163 232
163 200
150 163
163 185
163 199
138 163
121 163
163 177
160 201
95 160
15 160
55 160
160 166
6 160
160 261
122 160
60 160
96 160
30 160
100 160
168 192
192 239
182 192
20 192
192 258
37 192
7 192
176 192
153 192
67 192
61 192
242 271
213 242
181 242
36 242
227 242
175 242
242 268
198 242
154 242
194 242
55 198
198 227
180 198
96 198
137 190
184 190
190 260
182 190
113 190
56 190
183 190
175 190
93 190
120 190
74 105
96 105
98 105
185 191
185 261
159 185
168 230
168 269
168 255
168 214
168 272
168 258
47 168
7 168
67 168
168 249
95 239
95 274
95 120
95 109
95 96
95 193
95 256
95 100
101 258
209 258
120 258
124 255
124 139
124 276
3 124
124 248
124 171
93 260
93 183
93 250
45 93
20 93
93 167
93 98
93 262
93 267
96 201
96 268
60 96
44 96
38 96
161 257
49 161
161 184
97 161
142 161
230 269
230 255
103 230
122 239
6 122
122 135
122 234
122 248
63 122
244 268
195 268
149 268
167 268
3 268
98 268
116 137
137 191
137 147
137 212
120 253
46 120
16 120
120 193
120 187
35 120
9 120
239 244
239 259
20 254
20 128
20 87
40 274
40 273
40 159
40 237
40 152
40 114
175 204
167 175
175 187
127 175
175 235
74 238
139 238
77 238
238 280
126 238
123 238
139 172
51 139
77 139
135 139
139 259
139 223
139 176
89 116
2 213
2 195
2 212
2 41
212 244
51 172
10 172
113 182
113 248
113 131
170 173
173 182
173 180
55 72
55 227
55 153
55 59
10 232
10 111
10 273
10 188
5 10
114 126
108 208
84 149
97 149
127 149
201 271
30 201
67 214
67 216
7 67
255 269
101 255
248 255
171 255
4 7
7 223
50 184
184 222
11 184
182 184
56 184
88 184
184 220
8 184
140 202
169 202
107 181
27 181
49 266
92 110
31 92
35 92
92 156
70 92
169 203
123 169
204 225
225 247
44 225
210 225
228 257
157 257
142 257
57 188
9 188
11 45
45 252
45 283
45 130
45 47
12 45
1 189
1 48
1 41
165 263
91 165
47 130
88 130
90 130
50 223
167 204
44 48
48 99
47 247
47 283
100 109
109 123
217 265
11 217
211 217
217 247
217 283
217 266
36 74
74 277
103 207
6 33
6 252
6 134
6 159
11 244
150 244
215 244
38 244
167 182
31 167
147 259
77 259
176 259
261 274
72 261
147 269
147 191
134 214
54 178
138 243
76 193
260 265
0 265
136 265
218 265
219 226
51 282
51 199
158 222
69 222
81 222
170 180
29 180
135 280
211 283
247 283
266 283
77 176
176 263
37 176
33 197
33 134
33 35
153 241
62 260
0 260
260 282
136 260
218 260
174 260
104 260
66 129
13 29
134 253
32 253
248 253
145 195
32 187
125 187
82 123
25 68
68 224
133 240
229 240
134 263
125 134
44 208
0 31
31 183
31 71
31 136
46 154
154 236
152 273
4 133
0 131
104 131
151 152
35 46
17 251
5 37
182 183
127 182
171 248
110 146
84 269
84 97
84 241
36 79
22 36
125 205
246 252
183 277
88 277
50 221
140 221
143 228
56 183
88 183
183 220
142 183
72 81
80 208
3 5
59 91
38 241
19 99
14 107
88 141
164 189
211 266
94 115
101 209
25 224
200 232
0 218
42 82
56 117
196 226
22 79
time 7
192 274
105 274
226 274
15 274
171 274
85 274
137 274
92 274
250 274
274 278
219 274
240 274
173 274
124 192
89 124
124 176
37 124
124 282
46 124
13 124
32 124
2 49
2 51
2 92
2 123
2 185
2 168
2 255
2 189
2 223
142 184
161 184
65 184
184 259
77 184
85 184
183 184
138 184
184 224
184 239
9 184
184 219
184 244
95 160
82 95
95 242
95 109
16 95
95 100
95 193
120 139
120 283
120 238
120 123
120 158
111 264
142 264
153 264
85 264
12 264
204 264
263 264
9 264
178 264
13 264
191 264
233 264
113 190
190 214
93 190
182 190
190 248
58 190
162 190
122 160
3 160
160 201
160 178
100 160
160 223
6 160
40 174
40 237
6 40
116 137
10 116
116 225
116 185
87 116
13 116
116 163
33 139
96 139
139 259
77 139
51 139
139 245
139 178
85 122
85 253
35 85
17 85
85 149
8 85
85 92
45 85
85 130
85 248
13 85
85 240
85 163
113 149
17 149
8 149
149 238
10 149
111 122
121 122
122 123
122 232
6 122
105 180
180 250
29 180
173 180
170 180
180 241
86 180
12 230
10 230
197 230
36 230
123 230
6 90
6 199
6 257
6 18
6 159
153 198
96 198
217 283
224 283
150 283
211 283
75 283
266 283
185 191
185 205
23 96
96 242
134 214
125 134
105 172
105 140
105 158
84 167
167 248
163 167
123 192
3 123
123 252
123 238
123 169
50 172
48 172
172 178
172 255
172 209
38 192
50 192
79 192
7 192
176 192
37 192
61 192
192 262
223 234
34 173
87 173
125 173
170 173
126 181
35 181
27 181
22 259
22 210
22 276
56 113
113 182
9 113
113 262
113 246
168 275
26 168
49 111
65 71
92 110
70 92
61 242
109 242
36 242
29 242
62 242
10 73
10 13
87 127
127 267
127 246
38 248
135 248
107 248
212 236
9 265
82 153
153 243
117 153
226 250
196 250
23 250
72 250
112 119
52 112
41 112
30 112
17 137
17 254
23 268
252 268
11 268
169 268
56 183
183 220
183 277
183 236
130 183
183 267
45 60
60 227
7 261
178 201
225 247
102 247
94 247
77 259
46 137
73 273
146 273
101 228
101 209
14 101
73 272
73 115
175 246
8 87
8 121
0 11
244 272
204 244
244 257
14 244
57 182
130 182
182 188
23 204
204 225
23 36
89 129
89 143
121 171
158 171
171 255
7 37
37 176
37 280
239 278
56 130
130 236
130 267
88 130
158 245
158 165
81 222
143 218
11 136
11 220
11 45
70 110
28 93
93 267
93 157
58 93
142 161
142 263
47 239
76 249
249 256
31 136
136 148
150 225
19 206
143 154
143 256
54 143
51 133
32 214
32 253
32 187
125 214
125 253
109 233
3 42
214 253
214 228
107 206
211 217
217 266
56 236
220 236
108 236
152 236
236 267
18 30
170 241
146 245
4 129
50 79
4 79
16 84
16 193
169 202
34 238
43 271
151 175
151 152
68 151
44 228
174 260
260 265
62 260
135 280
76 256
54 256
211 266
64 272
220 277
82 165
63 165
69 222
29 86
14 255
62 265
99 177
56 131
56 267
90 98
114 263
88 277
108 282
59 91
188 262
58 271
196 226
72 196
84 269
145 179
57 154
219 226
72 226
97 99
time 8
192 274
95 274
105 274
226 274
15 274
171 274
85 274
137 274
92 274
180 274
250 274
274 278
219 274
240 274
173 274
125 274
95 160
82 95
95 264
7 95
95 242
95 109
95 239
95 123
16 95
95 100
95 193
111 264
142 264
153 264
85 264
12 264
204 264
239 264
263 264
9 264
178 264
13 264
191 264
233 264
38 192
50 192
79 192
113 192
124 192
7 192
192 249
176 192
37 192
61 192
123 192
192 262
192 248
100 192
122 160
3 160
160 201
160 178
100 160
160 223
6 160
89 124
124 176
37 124
124 282
46 124
13 124
32 124
120 139
120 283
120 238
120 123
120 158
142 184
161 184
65 184
184 259
77 184
85 184
183 184
138 184
184 224
184 239
9 184
184 219
184 244
2 49
2 51
2 92
2 123
2 185
2 168
2 255
2 189
2 223
105 180
23 180
180 250
180 273
29 180
173 180
170 180
180 241
180 231
86 180
113 190
190 214
93 190
182 190
190 248
58 190
162 190
40 174
40 237
6 40
116 137
10 116
116 225
116 185
87 116
13 116
116 163
122 123
3 123
7 123
23 123
123 252
123 238
123 230
123 169
78 123
123 173
33 139
96 139
139 259
77 139
51 139
139 245
139 178
85 122
85 253
35 85
17 85
85 149
8 85
85 92
45 85
85 130
85 248
13 85
85 240
85 163
38 248
42 248
135 248
113 248
179 248
107 248
167 248
154 248
113 149
17 149
8 149
149 238
10 149
149 191
111 122
121 122
122 232
6 122
153 198
96 198
198 259
108 236
108 282
34 173
100 173
87 173
125 173
170 173
6 175
6 90
6 199
6 257
6 18
6 159
23 96
96 242
12 230
10 230
197 230
36 230
77 259
22 259
23 268
252 268
11 268
169 268
217 283
224 283
150 283
211 283
75 283
266 283
73 272
73 115
10 73
73 273
105 172
105 140
105 158
134 214
125 134
84 167
163 167
226 250
196 250
23 250
72 250
17 22
22 210
22 276
56 113
113 182
9 113
113 262
113 246
185 191
185 205
126 181
35 181
27 181
33 92
92 110
70 92
50 172
48 172
172 178
172 255
172 209
49 111
65 71
168 275
26 168
223 234
87 127
127 267
127 246
239 278
87 239
47 239
23 36
23 204
9 265
10 13
61 242
109 242
36 242
29 242
62 242
82 153
153 243
117 153
8 87
17 137
17 254
212 236
7 222
7 37
7 236
7 261
175 273
146 273
112 119
52 112
41 112
30 112
56 183
183 220
183 277
183 236
130 183
183 267
150 225
225 247
204 225
269 271
43 271
58 271
175 246
102 247
94 247
244 272
204 244
244 257
14 244
86 244
178 201
8 121
46 137
54 143
54 256
45 60
60 227
101 228
101 209
14 101
0 11
37 176
37 280
158 222
158 171
158 245
158 165
125 214
125 253
76 249
249 256
121 171
171 255
143 218
81 222
70 110
11 136
11 220
11 45
56 236
220 236
152 236
130 236
236 267
56 130
130 182
90 130
130 267
88 130
89 129
4 129
142 161
142 263
89 143
31 136
136 148
19 206
28 93
170 241
151 175
93 267
93 157
58 93
32 214
32 253
32 187
107 206
14 255
146 245
57 182
182 188
211 217
217 266
18 30
169 202
214 253
214 228
69 222
51 133
50 79
4 79
3 42
151 152
68 151
34 238
44 228
16 84
16 193
143 154
57 154
154 179
135 280
29 86
220 277
88 277
64 272
109 233
99 177
56 131
56 267
90 98
97 99
82 165
211 266
174 260
260 265
62 260
4 191
63 165
143 256
76 256
62 265
145 179
84 269
114 263
59 91
188 262
196 226
72 196
72 226
219 226
time 9
40 244
40 116
40 92
40 151
40 152
40 197
6 40
40 283
40 113
40 110
40 159
28 40
27 40
47 148
47 177
47 92
47 230
47 106
47 264
47 117
47 185
32 47
47 253
47 243
10 229
10 120
10 148
10 92
10 230
10 130
10 188
10 93
10 261
10 182
85 190
183 190
184 190
92 190
56 190
190 248
190 277
113 190
31 190
190 265
90 190
9 190
182 190
162 190
13 190
148 233
171 233
48 233
163 233
233 250
123 230
171 230
30 230
22 230
154 230
197 230
64 230
122 230
198 230
93 230
230 275
54 230
61 192
161 192
149 192
20 192
111 192
117 192
176 192
192 283
192 225
79 192
85 95
95 123
95 242
95 109
95 168
95 160
6 95
95 239
95 274
95 228
7 32
32 101
32 264
6 32
32 50
32 163
32 253
32 228
32 63
32 187
32 166
113 251
113 263
113 245
113 260
113 248
57 113
113 246
113 182
13 113
113 175
12 113
171 198
198 274
180 198
14 198
57 93
93 182
93 127
93 173
6 59
6 81
6 257
6 201
6 160
6 17
6 96
6 180
6 134
115 185
78 185
185 256
72 185
183 184
161 184
181 184
184 257
56 184
184 221
16 184
184 220
7 124
2 124
124 158
124 139
124 170
46 124
14 124
7 85
85 149
67 85
17 85
37 85
85 240
8 85
100 261
35 261
94 261
182 248
57 182
12 182
168 194
161 168
168 244
30 168
73 168
105 109
105 158
105 262
105 176
117 177
177 211
177 195
177 231
117 283
260 283
211 283
150 283
57 283
94 283
143 283
92 148
77 92
64 92
92 110
70 92
117 260
174 260
260 281
260 265
0 260
110 260
94 260
136 260
158 171
101 171
171 255
38 171
171 226
151 274
109 137
2 137
137 158
137 257
137 204
57 137
137 180
120 179
41 120
120 232
29 120
2 278
2 222
2 19
2 281
117 149
117 257
117 152
48 244
151 244
152 244
244 258
159 244
60 194
194 229
59 194
109 242
109 172
99 109
67 109
109 180
115 172
172 200
172 250
172 279
3 195
84 97
183 220
195 213
195 280
28 195
112 191
43 191
161 217
151 161
56 161
161 176
64 161
20 248
38 248
248 280
23 248
13 104
152 183
183 277
7 242
7 87
7 61
7 133
7 126
200 232
67 216
31 71
31 136
31 218
29 180
20 149
17 149
149 204
131 149
20 176
20 53
20 188
11 265
11 45
0 11
0 265
218 265
60 61
61 242
61 87
61 154
61 226
141 154
154 217
154 241
154 225
57 154
143 154
154 252
158 257
204 257
29 257
27 257
141 217
217 263
217 269
150 217
217 225
110 217
27 217
217 252
1 87
87 126
50 116
50 101
50 253
50 199
158 204
189 204
121 204
158 165
158 222
251 263
82 83
116 262
23 262
81 160
30 160
160 201
160 270
96 160
19 215
73 152
73 86
73 104
73 119
27 73
101 126
143 225
143 267
239 278
116 239
71 239
135 179
81 201
30 201
201 270
96 201
201 246
28 258
108 178
102 178
225 247
152 211
116 253
79 253
51 282
101 282
275 282
131 157
12 264
12 119
81 96
5 125
141 225
225 256
225 252
35 53
59 86
263 269
212 226
43 212
156 212
42 145
64 110
70 110
27 181
62 116
23 116
60 227
38 241
29 170
34 146
60 129
22 129
46 181
196 275
101 255
101 209
56 236
30 270
151 152
48 213
131 268
131 267
91 162
213 258
170 258
72 241
22 229
55 60
102 210
21 102
44 228
141 252
146 245
146 254
77 139
139 238
43 271
43 127
17 97
196 226
4 196
219 226
0 281
147 281
22 249
77 238
81 222
128 246
103 210
63 187
1 169
223 234
